0 0.085574571875 0.0316091953125 0.05867970625 0.014367815624999999 0.039119804687499996 0.014367815624999999 0.019559901562500003 0.034482759375 0.0171149140625 0.0517241375 0.031784840625 0.0660919546875 0.085574571875 0.048850575 0.085574571875 0.0316091953125
0 0.303178484375 0.08620689687500001 0.2689486546875 0.0718390796875 0.2371638140625 0.08620689687500001 0.2371638140625 0.1178160921875 0.28606357031249996 0.1178160921875 0.308068459375 0.09770115 0.303178484375 0.08620689687500001
0 0.26650366718749996 0 0.26650366718749996 0.014367815624999999 0.2958435203125 0.028735632812500002 0.3202933984375 0 0.26650366718749996 0
0 0.4425427875 0.040229884375000004 0.444987775 0.09770115 0.4792176046875 0.10632183906249999 0.48166259218749996 0.063218390625 0.4425427875 0.040229884375000004
0 0.49144254218750005 0.15229885 0.49877750625 0.137931034375 0.46943765312499997 0.1091954015625 0.45721271406249997 0.1091954015625 0.4376528125 0.1178160921875 0.4425427875 0.1465517234375 0.45721271406249997 0.1580459765625 0.49144254218750005 0.15229885
0 0.50611246875 0.3017241375 0.5085574578125 0.28735632187500004 0.49388753124999996 0.261494253125 0.46943765312499997 0.25 0.466992665625 0.25 0.444987775 0.261494253125 0.444987775 0.284482759375 0.476772615625 0.3074712640625 0.50611246875 0.3017241375
0 0.3716381421875 0.2959770109375 0.38386308125 0.2816091953125 0.38386308125 0.2557471265625 0.3740831296875 0.23850574687499998 0.361858190625 0.23850574687499998 0.3398533 0.261494253125 0.3398533 0.284482759375 0.34963325156249997 0.3017241375 0.3716381421875 0.2959770109375
0 0.05623471875 0.3563218390625 0.05623471875 0.3419540234375 0.029339853125 0.32471264375 0.026894865624999997 0.32183907968750003 0 0.3333333328125 0.0024449874999999998 0.35919540156249996 0.034229828125 0.3706896546875 0.05623471875 0.3563218390625
0 0.1540342296875 0.313218390625 0.16870415625 0.290229884375 0.16381418125 0.261494253125 0.1515892421875 0.2557471265625 0.1491442546875 0.2528735625 0.134474328125 0.261494253125 0.1246943765625 0.284482759375 0.139364303125 0.3160919546875 0.1540342296875 0.313218390625
0 0.5647921765625 0.33045977031249996 0.579462103125 0.313218390625 0.579462103125 0.2816091953125 0.5672371640625 0.264367815625 0.5647921765625 0.264367815625 0.5623471875 0.27586206875 0.5476772609375 0.284482759375 0.5476772609375 0.3333333328125 0.5647921765625 0.33045977031249996
0 0.4889975546875 0.21264367812499999 0.50611246875 0.1954022984375 0.5134474328125 0.1580459765625 0.5085574578125 0.14080459843749998 0.50122249375 0.14080459843749998 0.474327628125 0.17528735625 0.46943765312499997 0.2068965515625 0.476772615625 0.21264367812499999 0.4889975546875 0.21264367812499999
0 0.4621026890625 0.2040229890625 0.46943765312499997 0.1781609203125 0.444987775 0.15229885 0.4303178484375 0.15229885 0.420537896875 0.160919540625 0.4254278734375 0.1925287359375 0.4376528125 0.2040229890625 0.4621026890625 0.2040229890625
0 0.7921760390625 0.07758620625 0.7897310515625 0.043103448437500004 0.7799511 0.034482759375 0.7701711484375 0.034482759375 0.7506112468749999 0.07471264375 0.7652811734375 0.089080459375 0.7799511 0.089080459375 0.7921760390625 0.07758620625
2 0.25916870468750003 0.5459770109375001 0.45476772656250003 0.5459770109375001 0.45965770156249997 0.537356321875 0.45476772656250003 0.511494253125 0.3398533 0.511494253125 0.32640586875 0.511494253125 0.2298288515625 0.514367815625 0.2224938875 0.534482759375 0.2298288515625 0.5431034484375 0.25916870468750003 0.5459770109375001
2 0.7163814187499999 0.534482759375 0.71882640625 0.5201149421875 0.7163814187499999 0.5086206890625 0.5330073343749999 0.5086206890625 0.530562346875 0.5086206890625 0.49388753124999996 0.511494253125 0.49388753124999996 0.5431034484375 0.7066014671875 0.540229884375 0.7163814187499999 0.534482759375
2 0.7579462109375 0.537356321875 0.995110025 0.5287356328125 0.9975550125 0.49712643749999996 0.9828850859375 0.49712643749999996 0.8337408312499999 0.5086206890625 0.753056234375 0.5057471265625 0.748166259375 0.5287356328125 0.7579462109375 0.537356321875
2 0 0.5459770109375001 0.16136919375 0.548850575 0.193154034375 0.540229884375 0.190709046875 0.5172413796875001 0.1784841078125 0.511494253125 0.0904645484375 0.514367815625 0.0660146703125 0.5316091953125001 0.06112469375 0.5172413796875001 0.06845965781249999 0.511494253125 0.06112469375 0.5086206890625 0.048899756249999995 0.5086206890625 0 0.5086206890625 0 0.5459770109375001
0 0.1491442546875 0.1982758625 0.1491442546875 0.2040229890625 0.16381418125 0.2040229890625 0.16625916875 0.20114942500000002 0.17114914375 0.20114942500000002 0.1833740828125 0.189655171875 0.1858190703125 0.1839080453125 0.1858190703125 0.163793103125 0.1760391203125 0.1494252875 0.16870415625 0.1494252875 0.1589242046875 0.15517241406249999 0.14669926718749998 0.1695402296875 0.14669926718749998 0.1954022984375 0.1491442546875 0.1982758625
0 0.031784840625 0.264367815625 0.024449878124999998 0.2816091953125 0.024449878124999998 0.28735632187500004 0.026894865624999997 0.290229884375 0.048899756249999995 0.290229884375 0.05134474375 0.28735632187500004 0.0635696828125 0.28735632187500004 0.0733496328125 0.2787356328125 0.080684596875 0.261494253125 0.080684596875 0.24137931093749998 0.07823960937499999 0.235632184375 0.0733496328125 0.2327586203125 0.05867970625 0.2327586203125 0.05623471875 0.235632184375 0.0464547671875 0.23850574687499998 0.034229828125 0.2528735625 0.031784840625 0.264367815625
0 0.28361858125 0.3793103453125 0.303178484375 0.39080459843750004 0.308068459375 0.39080459843750004 0.3178484109375 0.385057471875 0.3325183375 0.385057471875 0.3374083125 0.3793103453125 0.3374083125 0.35919540156249996 0.33007335000000004 0.3505747125 0.3276283625 0.3505747125 0.3178484109375 0.3419540234375 0.2958435203125 0.3419540234375 0.2909535453125 0.34482758593749996 0.27872860625 0.35919540156249996 0.27872860625 0.3706896546875 0.28361858125 0.3793103453125
0 0.3276283625 0.12931034531250002 0.3202933984375 0.1465517234375 0.3202933984375 0.15517241406249999 0.33007335000000004 0.1695402296875 0.3398533 0.1695402296875 0.34229828906250004 0.1666666671875 0.34718826406250003 0.1666666671875 0.359413203125 0.15229885 0.361858190625 0.1465517234375 0.361858190625 0.14080459843749998 0.364303178125 0.137931034375 0.364303178125 0.1206896546875 0.361858190625 0.11494252812500001 0.34963325156249997 0.1034482765625 0.3447432765625 0.1034482765625 0.3325183375 0.1178160921875 0.3325183375 0.1206896546875 0.3276283625 0.12356321875000001 0.3276283625 0.12931034531250002
0 0.356968215625 0.07758620625 0.356968215625 0.0804597703125 0.3520782390625 0.08620689687500001 0.34963325156249997 0.09770115 0.359413203125 0.10632183906249999 0.364303178125 0.10632183906249999 0.3740831296875 0.11494252812500001 0.3814180921875 0.11494252812500001 0.38386308125 0.11206896562499999 0.39119804375 0.11206896562499999 0.3985330078125 0.10632183906249999 0.40342298281250005 0.10632183906249999 0.40342298281250005 0.09770115 0.4009779953125 0.0948275859375 0.4009779953125 0.089080459375 0.3960880203125 0.07758620625 0.39119804375 0.07471264375 0.3814180921875 0.063218390625 0.36919315468749997 0.063218390625 0.364303178125 0.0689655171875 0.364303178125 0.0718390796875 0.359413203125 0.07758620625 0.356968215625 0.07758620625
0 0.244498778125 0.12643678125 0.25427872812499996 0.1494252875 0.25916870468750003 0.15517241406249999 0.26161369218749997 0.1666666671875 0.27628361875 0.1666666671875 0.27872860625 0.163793103125 0.28606357031249996 0.163793103125 0.2982885078125 0.1494252875 0.2982885078125 0.14080459843749998 0.2933985328125 0.12931034531250002 0.28606357031249996 0.1206896546875 0.27628361875 0.1178160921875 0.27383863124999996 0.11494252812500001 0.256723715625 0.11494252812500001 0.25427872812499996 0.1178160921875 0.249388753125 0.1178160921875 0.249388753125 0.1206896546875 0.244498778125 0.12643678125
0 0.1809290953125 0.2701149421875 0.1809290953125 0.27586206875 0.198044009375 0.27586206875 0.20048899687500002 0.27298850625000004 0.2053789734375 0.27586206875 0.21515892343749998 0.27586206875 0.22738386249999998 0.261494253125 0.2298288515625 0.2557471265625 0.22738386249999998 0.24425287343750002 0.21515892343749998 0.235632184375 0.20782396093750002 0.235632184375 0.2053789734375 0.2327586203125 0.195599021875 0.2327586203125 0.1858190703125 0.23850574687499998 0.1760391203125 0.25 0.1760391203125 0.261494253125 0.1809290953125 0.2701149421875
0 0.1026894859375 0.3678160921875 0.1124694375 0.3821839078125 0.1173594125 0.385057471875 0.1246943765625 0.385057471875 0.12713936406249998 0.387931034375 0.14669926718749998 0.3821839078125 0.1515892421875 0.37643678125 0.1540342296875 0.37643678125 0.17114914375 0.3563218390625 0.16870415625 0.34770115 0.16381418125 0.34482758593749996 0.1491442546875 0.34482758593749996 0.141809290625 0.339080459375 0.1222493890625 0.339080459375 0.11980440156250001 0.3419540234375 0.1124694375 0.3419540234375 0.1026894859375 0.3534482765625 0.1026894859375 0.3678160921875
0 0.026894865624999997 0.465517240625 0.026894865624999997 0.48275862031249994 0.029339853125 0.485632184375 0.029339853125 0.4913793109375 0.0366748171875 0.5 0.048899756249999995 0.5 0.05134474375 0.49712643749999996 0.05623471875 0.49712643749999996 0.0635696828125 0.48850574687500004 0.0660146703125 0.48850574687500004 0.0757946203125 0.47413793125000003 0.0757946203125 0.46264367812499996 0.0733496328125 0.45977011562500003 0.0733496328125 0.451149425 0.06845965781249999 0.439655171875 0.0660146703125 0.439655171875 0.05623471875 0.42528735624999997 0.05134474375 0.42528735624999997 0.048899756249999995 0.42241379375 0.0440097796875 0.42241379375 0.0366748171875 0.4339080453125 0.039119804687499996 0.436781609375 0.039119804687499996 0.44827586249999996 0.026894865624999997 0.465517240625
0 0.244498778125 0.413793103125 0.244498778125 0.42816092031249997 0.24694376562499998 0.4310344828125 0.249388753125 0.4425287359375 0.256723715625 0.451149425 0.25916870468750003 0.451149425 0.26650366718749996 0.45977011562500003 0.27383863124999996 0.45977011562500003 0.28117359375 0.451149425 0.28361858125 0.439655171875 0.2885085578125 0.4339080453125 0.2885085578125 0.4166666671875 0.27872860625 0.3965517234375 0.2689486546875 0.387931034375 0.2640586796875 0.387931034375 0.25916870468750003 0.39080459843750004 0.249388753125 0.40229885000000004 0.249388753125 0.4080459765625 0.244498778125 0.413793103125
0 0.1760391203125 0.3936781609375 0.16870415625 0.40229885000000004 0.16870415625 0.4051724140625 0.1760391203125 0.41091954062499997 0.1858190703125 0.41091954062499997 0.188264059375 0.413793103125 0.2102689484375 0.413793103125 0.21271393593750001 0.4166666671875 0.22004890000000002 0.4166666671875 0.224938875 0.4195402296875 0.22738386249999998 0.4166666671875 0.22738386249999998 0.4051724140625 0.2224938875 0.3936781609375 0.21271393593750001 0.3821839078125 0.2053789734375 0.3793103453125 0.20048899687500002 0.37356321875 0.188264059375 0.37356321875 0.1833740828125 0.37643678125 0.1833740828125 0.3821839078125 0.1760391203125 0.39080459843750004 0.1760391203125 0.3936781609375
0 0.048899756249999995 0.764367815625 0.05867970625 0.77586206875 0.0635696828125 0.7787356328125 0.06845965781249999 0.7787356328125 0.0709046453125 0.7816091953125001 0.080684596875 0.7816091953125001 0.083129584375 0.784482759375 0.085574571875 0.7816091953125001 0.088019559375 0.784482759375 0.0977995109375 0.784482759375 0.10513447499999999 0.77298850625 0.10513447499999999 0.7557471265625 0.1026894859375 0.7528735625 0.1026894859375 0.7471264375 0.0953545234375 0.738505746875 0.085574571875 0.7327586203124999 0.0733496328125 0.7327586203124999 0.06112469375 0.7327586203124999 0.05378973124999999 0.7413793109375 0.0464547671875 0.7586206890625 0.048899756249999995 0.764367815625
0 0.080684596875 0.6551724140624999 0.07823960937499999 0.6609195406249999 0.07823960937499999 0.6695402296874999 0.080684596875 0.67241379375 0.07823960937499999 0.6752873562499999 0.07823960937499999 0.6839080453124999 0.080684596875 0.686781609375 0.080684596875 0.6925287359375 0.085574571875 0.6982758625 0.10513447499999999 0.6982758625 0.11002445000000001 0.6954022984375 0.11980440156250001 0.6839080453124999 0.1222493890625 0.67241379375 0.12713936406249998 0.6666666671875 0.12713936406249998 0.65229885 0.1173594125 0.6408045984374999 0.1124694375 0.637931034375 0.1026894859375 0.637931034375 0.10024449843750001 0.635057471875 0.0977995109375 0.635057471875 0.0953545234375 0.637931034375 0.0904645484375 0.637931034375 0.0904645484375 0.6436781609375 0.080684596875 0.6551724140624999
0 0.144254278125 0.7931034484375 0.144254278125 0.8017241374999999 0.141809290625 0.8045977015625001 0.141809290625 0.8247126437500001 0.1491442546875 0.8333333328125001 0.1515892421875 0.8333333328125001 0.16136919375 0.8419540234375 0.17114914375 0.8419540234375 0.1760391203125 0.839080459375 0.1760391203125 0.836206896875 0.1833740828125 0.82758620625 0.1833740828125 0.8189655171875 0.1858190703125 0.8160919546875001 0.1833740828125 0.7816091953125001 0.17359413125 0.7672413796875001 0.17114914375 0.7672413796875001 0.16625916875 0.77298850625 0.1540342296875 0.7787356328125 0.14669926718749998 0.787356321875 0.144254278125 0.7931034484375
0 0.2176039125 0.712643678125 0.2176039125 0.7413793109375 0.22004890000000002 0.7471264375 0.2298288515625 0.7557471265625 0.23471882656249998 0.7557471265625 0.244498778125 0.7471264375 0.24694376562499998 0.7471264375 0.251833740625 0.7413793109375 0.25916870468750003 0.72413793125 0.256723715625 0.6752873562499999 0.249388753125 0.6666666671875 0.244498778125 0.6666666671875 0.2371638140625 0.67241379375 0.23471882656249998 0.6896551718749999 0.22004890000000002 0.7068965515625 0.2176039125 0.712643678125
0 0.2102689484375 0.82758620625 0.2102689484375 0.8534482765625 0.22004890000000002 0.864942528125 0.23471882656249998 0.8591954015625 0.24694376562499998 0.8448275859375001 0.251833740625 0.8333333328125001 0.251833740625 0.8247126437500001 0.25427872812499996 0.8218390796874999 0.25427872812499996 0.8132183906250001 0.256723715625 0.810344828125 0.256723715625 0.7959770109375001 0.251833740625 0.790229884375 0.24694376562499998 0.790229884375 0.23960880156250003 0.798850575 0.22004890000000002 0.810344828125 0.21515892343749998 0.8160919546875001 0.2102689484375 0.82758620625
0 0.2640586796875 0.6896551718749999 0.26650366718749996 0.6925287359375 0.2689486546875 0.7068965515625 0.28117359375 0.7212643671875 0.2885085578125 0.7212643671875 0.2933985328125 0.715517240625 0.2958435203125 0.715517240625 0.2958435203125 0.712643678125 0.305623471875 0.701149425 0.305623471875 0.6954022984375 0.31051344687500004 0.6839080453124999 0.31051344687500004 0.6752873562499999 0.308068459375 0.67241379375 0.305623471875 0.6609195406249999 0.2909535453125 0.6465517234375 0.28606357031249996 0.6465517234375 0.28361858125 0.6436781609375 0.27383863124999996 0.6436781609375 0.2689486546875 0.6494252875 0.27139364375 0.6695402296874999 0.2640586796875 0.6810344828125 0.2640586796875 0.6896551718749999
0 0.27872860625 0.7413793109375 0.28117359375 0.764367815625 0.2909535453125 0.7787356328125 0.300733496875 0.7787356328125 0.305623471875 0.77586206875 0.32273838593750004 0.75 0.32273838593750004 0.7327586203124999 0.3202933984375 0.7298850578125 0.3178484109375 0.712643678125 0.3129584359375 0.7040229890624999 0.305623471875 0.7040229890624999 0.300733496875 0.709770115625 0.300733496875 0.712643678125 0.28361858125 0.7298850578125 0.27872860625 0.7413793109375
0 0.3202933984375 0.712643678125 0.3202933984375 0.7183908046874999 0.32273838593750004 0.7212643671875 0.3251833734375 0.7327586203124999 0.3276283625 0.735632184375 0.33496332500000003 0.735632184375 0.3374083125 0.738505746875 0.359413203125 0.7413793109375 0.366748165625 0.7298850578125 0.366748165625 0.709770115625 0.359413203125 0.6925287359375 0.35452322812500003 0.6896551718749999 0.34718826406250003 0.6896551718749999 0.3447432765625 0.686781609375 0.3251833734375 0.686781609375 0.3202933984375 0.6896551718749999 0.3178484109375 0.6954022984375 0.3178484109375 0.709770115625 0.3202933984375 0.712643678125
0 0.3520782390625 0.7471264375 0.3520782390625 0.75 0.3447432765625 0.7586206890625 0.3447432765625 0.7672413796875001 0.34229828906250004 0.7701149421875 0.34229828906250004 0.7931034484375 0.34718826406250003 0.798850575 0.3520782390625 0.798850575 0.35452322812500003 0.8017241374999999 0.356968215625 0.798850575 0.361858190625 0.798850575 0.3789731046875 0.7816091953125001 0.38386308125 0.7701149421875 0.38386308125 0.7586206890625 0.38875305625 0.7471264375 0.38875305625 0.7327586203124999 0.38386308125 0.72701149375 0.3765281171875 0.7327586203124999 0.36919315468749997 0.7327586203124999 0.359413203125 0.7442528734375 0.3520782390625 0.7471264375
0 0.3202933984375 0.5948275859375001 0.32273838593750004 0.59770115 0.32273838593750004 0.6034482765625 0.33496332500000003 0.614942528125 0.3398533 0.614942528125 0.34229828906250004 0.6178160921875 0.359413203125 0.6178160921875 0.364303178125 0.612068965625 0.364303178125 0.5833333328125 0.359413203125 0.5718390796875 0.356968215625 0.5718390796875 0.3447432765625 0.5603448281250001 0.3374083125 0.5603448281250001 0.33496332500000003 0.5574712640625 0.3276283625 0.5574712640625 0.3129584359375 0.5660919546875001 0.3129584359375 0.5747126437500001 0.3202933984375 0.5833333328125 0.3202933984375 0.5948275859375001
0 0.36919315468749997 0.57758620625 0.366748165625 0.5804597703125001 0.366748165625 0.6063218390625 0.36919315468749997 0.612068965625 0.3765281171875 0.6178160921875 0.38386308125 0.6178160921875 0.38630806875 0.6206896546875 0.4009779953125 0.6206896546875 0.4083129578125 0.612068965625 0.4083129578125 0.586206896875 0.4058679703125 0.5833333328125 0.4058679703125 0.57758620625 0.3985330078125 0.5689655171875 0.3985330078125 0.5660919546875001 0.39119804375 0.5574712640625 0.39119804375 0.5545977015625 0.38875305625 0.5545977015625 0.38630806875 0.5517241375 0.3789731046875 0.5603448281250001 0.3765281171875 0.5603448281250001 0.36919315468749997 0.5718390796875 0.36919315468749997 0.57758620625
0 0.420537896875 0.46264367812499996 0.422982884375 0.465517240625 0.4254278734375 0.4798850578125 0.4352078234375 0.48850574687500004 0.44009780000000004 0.48850574687500004 0.44987775 0.4942528734375 0.45965770156249997 0.4942528734375 0.4645476765625 0.4913793109375 0.4792176046875 0.47413793125000003 0.48166259218749996 0.47413793125000003 0.48166259218749996 0.4712643671875 0.4865525671875 0.465517240625 0.4865525671875 0.4568965515625 0.48410757968749996 0.45402298906249994 0.47188264062499996 0.45402298906249994 0.4621026890625 0.4454022984375 0.44743276249999997 0.4425287359375 0.444987775 0.439655171875 0.4303178484375 0.439655171875 0.422982884375 0.4454022984375 0.422982884375 0.451149425 0.420537896875 0.45402298906249994 0.420537896875 0.46264367812499996
0 0.308068459375 0.46839080468749994 0.303178484375 0.47413793125000003 0.303178484375 0.48275862031249994 0.300733496875 0.485632184375 0.308068459375 0.5028735625 0.33007335000000004 0.5028735625 0.3398533 0.49712643749999996 0.3447432765625 0.4913793109375 0.3447432765625 0.48850574687500004 0.3520782390625 0.47701149374999996 0.3520782390625 0.4568965515625 0.34718826406250003 0.451149425 0.3325183375 0.451149425 0.3178484109375 0.451149425 0.3129584359375 0.4568965515625 0.31051344687500004 0.4568965515625 0.308068459375 0.46839080468749994
0 0.4352078234375 0.635057471875 0.44009780000000004 0.637931034375 0.44743276249999997 0.637931034375 0.45721271406249997 0.6321839078125 0.47188264062499996 0.6293103453125 0.476772615625 0.62356321875 0.474327628125 0.614942528125 0.4621026890625 0.6034482765625 0.45965770156249997 0.5948275859375001 0.45476772656250003 0.5890804593750001 0.44009780000000004 0.5804597703125001 0.4254278734375 0.5804597703125001 0.41564792187500005 0.5890804593750001 0.41564792187500005 0.6091954015625001 0.418092909375 0.614942528125 0.4352078234375 0.635057471875
0 0.410757946875 0.6695402296874999 0.410757946875 0.686781609375 0.413202934375 0.6896551718749999 0.413202934375 0.715517240625 0.418092909375 0.715517240625 0.42787286093750004 0.709770115625 0.45476772656250003 0.6810344828125 0.45965770156249997 0.6695402296874999 0.45965770156249997 0.6580459765625 0.44743276249999997 0.6465517234375 0.4327628359375 0.6465517234375 0.42787286093750004 0.6494252875 0.41564792187500005 0.663793103125 0.413202934375 0.663793103125 0.410757946875 0.6695402296874999
0 0.410757946875 0.7471264375 0.410757946875 0.764367815625 0.41564792187500005 0.77298850625 0.418092909375 0.787356321875 0.4254278734375 0.787356321875 0.4303178484375 0.784482759375 0.444987775 0.7701149421875 0.44743276249999997 0.7701149421875 0.44743276249999997 0.7672413796875001 0.45476772656250003 0.7586206890625 0.4621026890625 0.7413793109375 0.4621026890625 0.7327586203124999 0.45721271406249997 0.72701149375 0.45232273906250003 0.72701149375 0.44987775 0.72413793125 0.44009780000000004 0.72413793125 0.4376528125 0.72701149375 0.4303178484375 0.72701149375 0.420537896875 0.7327586203124999 0.410757946875 0.7471264375
0 0.4621026890625 0.6982758625 0.4645476765625 0.709770115625 0.474327628125 0.7183908046874999 0.48166259218749996 0.7183908046874999 0.49633251874999995 0.72701149375 0.5085574578125 0.715517240625 0.5110024453124999 0.701149425 0.5085574578125 0.6982758625 0.50611246875 0.6839080453124999 0.49633251874999995 0.67241379375 0.49144254218750005 0.6695402296874999 0.46943765312499997 0.6695402296874999 0.4645476765625 0.67241379375 0.45965770156249997 0.6810344828125 0.45965770156249997 0.6954022984375 0.4621026890625 0.6982758625
0 0.5110024453124999 0.6609195406249999 0.5110024453124999 0.6810344828125 0.5207823953124999 0.6954022984375 0.530562346875 0.6954022984375 0.5452322734374999 0.686781609375 0.5525672375 0.6781609203125 0.5525672375 0.67241379375 0.5574572125 0.663793103125 0.5574572125 0.6436781609375 0.555012225 0.637931034375 0.5427872859375 0.62643678125 0.5378973109375 0.62643678125 0.5378973109375 0.6293103453125 0.5207823953124999 0.6494252875 0.5183374078125 0.6494252875 0.5110024453124999 0.6609195406249999
0 0.47188264062499996 0.5689655171875 0.476772615625 0.5747126437500001 0.48166259218749996 0.57758620625 0.4865525671875 0.5747126437500001 0.49877750625 0.5747126437500001 0.50122249375 0.57758620625 0.50366748125 0.5747126437500001 0.50611246875 0.57758620625 0.5158924203125 0.5804597703125001 0.5232273843749999 0.5689655171875 0.5232273843749999 0.5545977015625 0.5134474328125 0.5459770109375001 0.49388753124999996 0.5459770109375001 0.48410757968749996 0.5603448281250001 0.4792176046875 0.563218390625 0.47188264062499996 0.563218390625 0.47188264062499996 0.5689655171875
0 0.45476772656250003 0.784482759375 0.45721271406249997 0.784482759375 0.46943765312499997 0.7959770109375001 0.4792176046875 0.787356321875 0.48166259218749996 0.787356321875 0.49144254218750005 0.77586206875 0.49144254218750005 0.7701149421875 0.49633251874999995 0.7586206890625 0.49633251874999995 0.7413793109375 0.4889975546875 0.735632184375 0.47188264062499996 0.735632184375 0.4645476765625 0.7413793109375 0.45965770156249997 0.7557471265625 0.44743276249999997 0.77298850625 0.45476772656250003 0.784482759375
0 0.418092909375 0.836206896875 0.420537896875 0.839080459375 0.418092909375 0.8419540234375 0.418092909375 0.8563218390625 0.422982884375 0.862068965625 0.422982884375 0.8678160921875 0.4303178484375 0.8793103453125 0.4425427875 0.8821839078125 0.44743276249999997 0.8793103453125 0.45965770156249997 0.862068965625 0.4621026890625 0.8563218390625 0.4621026890625 0.839080459375 0.45965770156249997 0.8333333328125001 0.44743276249999997 0.8189655171875 0.4376528125 0.8160919546875001 0.4352078234375 0.8132183906250001 0.4327628359375 0.8160919546875001 0.4254278734375 0.8160919546875001 0.418092909375 0.82758620625 0.418092909375 0.836206896875
0 0.5232273843749999 0.7672413796875001 0.530562346875 0.77586206875 0.5354523234374999 0.77586206875 0.5378973109375 0.7787356328125 0.5476772609375 0.77586206875 0.5574572125 0.7672413796875001 0.5599022 0.7672413796875001 0.5721271390625 0.7471264375 0.5721271390625 0.72413793125 0.5599022 0.712643678125 0.55012225 0.712643678125 0.5427872859375 0.7212643671875 0.5354523234374999 0.72413793125 0.5232273843749999 0.738505746875 0.5232273843749999 0.7672413796875001
0 0.27628361875 0.887931034375 0.28117359375 0.910919540625 0.2933985328125 0.92241379375 0.305623471875 0.9252873562499999 0.308068459375 0.92241379375 0.3178484109375 0.9195402296875 0.33007335000000004 0.9080459765625 0.33496332500000003 0.8965517234375 0.33496332500000003 0.885057471875 0.3251833734375 0.87643678125 0.311735940625 0.87643678125 0.2982885078125 0.87643678125 0.2909535453125 0.8821839078125 0.28606357031249996 0.8821839078125 0.27628361875 0.887931034375
0 0.3447432765625 0.9454022984374999 0.356968215625 0.962643678125 0.361858190625 0.962643678125 0.366748165625 0.9568965515625001 0.36919315468749997 0.9568965515625001 0.38630806875 0.9367816093749999 0.38630806875 0.9310344828125 0.38875305625 0.9281609203125001 0.38875305625 0.9051724140624999 0.3789731046875 0.8936781609375 0.366748165625 0.8936781609375 0.34963325156249997 0.910919540625 0.34718826406250003 0.92241379375 0.3447432765625 0.9252873562499999 0.3447432765625 0.9454022984374999
0 0.420537896875 0.9454022984374999 0.418092909375 0.9482758625000001 0.413202934375 0.9482758625000001 0.410757946875 0.9454022984374999 0.410757946875 0.962643678125 0.4083129578125 0.9655172406249999 0.4083129578125 0.9741379312499999 0.4058679703125 0.9770114937500001 0.4083129578125 0.9798850578125 0.4083129578125 0.988505746875 0.410757946875 0.9942528734374999 0.41564792187500005 0.9971264375000001 0.4352078234375 0.9971264375000001 0.45232273906250003 0.9798850578125 0.45232273906250003 0.9770114937500001 0.4621026890625 0.962643678125 0.4621026890625 0.9568965515625001 0.4645476765625 0.9540229890624999 0.4645476765625 0.9339080453124999 0.4621026890625 0.9310344828125 0.45965770156249997 0.9310344828125 0.44743276249999997 0.939655171875 0.4376528125 0.939655171875 0.4352078234375 0.9425287359375 0.420537896875 0.9454022984374999
0 0.55012225 0.864942528125 0.55012225 0.8706896546875 0.5599022 0.87356321875 0.5623471875 0.87643678125 0.584352078125 0.87643678125 0.586797065625 0.87356321875 0.5941320296875 0.87643678125 0.5965770171875 0.8706896546875 0.5965770171875 0.862068965625 0.5941320296875 0.8591954015625 0.5916870421875 0.8448275859375001 0.581907090625 0.8304597703125 0.5721271390625 0.8247126437500001 0.5525672375 0.8247126437500001 0.5476772609375 0.82758620625 0.5403422984375 0.839080459375 0.5427872859375 0.8505747124999999 0.55012225 0.864942528125
0 0.5965770171875 0.761494253125 0.589242053125 0.7701149421875 0.589242053125 0.77586206875 0.586797065625 0.7787356328125 0.586797065625 0.7931034484375 0.589242053125 0.7959770109375001 0.589242053125 0.8017241374999999 0.5941320296875 0.8074712640625 0.5990220046875 0.810344828125 0.60635696875 0.810344828125 0.60880195625 0.8074712640625 0.6185819078125 0.8045977015625001 0.6259168703125 0.7959770109375001 0.6283618578125 0.7959770109375001 0.638141809375 0.7816091953125001 0.640586796875 0.7701149421875 0.6503667484375 0.7557471265625 0.6503667484375 0.75 0.6479217609375 0.7471264375 0.6259168703125 0.7471264375 0.61613691875 0.7528735625 0.60880195625 0.7528735625 0.6039119796875 0.7586206890625 0.5965770171875 0.761494253125
0 0.577017115625 0.6810344828125 0.5745721265625 0.686781609375 0.577017115625 0.6925287359375 0.577017115625 0.701149425 0.579462103125 0.7040229890624999 0.579462103125 0.715517240625 0.589242053125 0.72413793125 0.6039119796875 0.715517240625 0.61613691875 0.6982758625 0.61613691875 0.6580459765625 0.61369193125 0.65229885 0.60880195625 0.6494252875 0.60635696875 0.6465517234375 0.6014669921875 0.65229885 0.6014669921875 0.6551724140624999 0.579462103125 0.6810344828125 0.577017115625 0.6810344828125
0 0.61124694375 0.8534482765625 0.61369193125 0.8563218390625 0.61369193125 0.8706896546875 0.61613691875 0.87356321875 0.6210268953125 0.87643678125 0.635696821875 0.87356321875 0.640586796875 0.8706896546875 0.6552567234375 0.8534482765625 0.6577017109375001 0.8419540234375 0.6601467000000001 0.839080459375 0.6601467000000001 0.8218390796874999 0.6528117359375 0.810344828125 0.6479217609375 0.810344828125 0.640586796875 0.8189655171875 0.6308068453125 0.8247126437500001 0.61369193125 0.8419540234375 0.61124694375 0.8534482765625
0 0.5941320296875 0.9195402296875 0.5990220046875 0.9252873562499999 0.5990220046875 0.9281609203125001 0.61124694375 0.939655171875 0.633251834375 0.939655171875 0.638141809375 0.9367816093749999 0.643031784375 0.9310344828125 0.643031784375 0.9252873562499999 0.6454767718750001 0.92241379375 0.6454767718750001 0.9166666671874999 0.643031784375 0.913793103125 0.640586796875 0.90229885 0.633251834375 0.8936781609375 0.6283618578125 0.8936781609375 0.6210268953125 0.887931034375 0.6185819078125 0.8908045984375 0.61369193125 0.887931034375 0.61124694375 0.887931034375 0.5965770171875 0.8965517234375 0.5916870421875 0.9080459765625 0.5941320296875 0.910919540625 0.5941320296875 0.9195402296875
0 0.5599022 0.951149425 0.5696821515625 0.9655172406249999 0.5721271390625 0.9655172406249999 0.589242053125 0.9827586203124999 0.5941320296875 0.9827586203124999 0.6014669921875 0.9741379312499999 0.6039119796875 0.9741379312499999 0.60880195625 0.951149425 0.60635696875 0.9482758625000001 0.60635696875 0.939655171875 0.586797065625 0.9195402296875 0.577017115625 0.9195402296875 0.5672371640625 0.9281609203125001 0.5623471875 0.939655171875 0.5623471875 0.9482758625000001 0.5599022 0.951149425
0 0.7334963328125 0.8793103453125 0.72860635625 0.8793103453125 0.7114914421874999 0.8994252875000001 0.7114914421874999 0.910919540625 0.71882640625 0.9195402296875 0.7408312953125 0.9195402296875 0.745721271875 0.9166666671874999 0.7506112468749999 0.910919540625 0.753056234375 0.910919540625 0.755501221875 0.9051724140624999 0.7603911984375 0.90229885 0.7701711484375 0.887931034375 0.7701711484375 0.8793103453125 0.7677261609375 0.87643678125 0.748166259375 0.87643678125 0.743276284375 0.8706896546875 0.743276284375 0.864942528125 0.7383863078124999 0.862068965625 0.7359413203125 0.862068965625 0.7310513453125 0.8678160921875 0.7359413203125 0.87356321875 0.7359413203125 0.87643678125 0.7334963328125 0.8793103453125
0 0.7066014671875 0.7183908046874999 0.696821515625 0.72701149375 0.6943765281250001 0.738505746875 0.7017114921875 0.7471264375 0.7114914421874999 0.75 0.7139364296874999 0.7528735625 0.7310513453125 0.7528735625 0.7408312953125 0.7471264375 0.748166259375 0.738505746875 0.753056234375 0.72701149375 0.753056234375 0.7212643671875 0.755501221875 0.7183908046874999 0.753056234375 0.712643678125 0.743276284375 0.7068965515625 0.7298288515625 0.7068965515625 0.7163814187499999 0.7068965515625 0.7090464546875 0.715517240625 0.7066014671875 0.715517240625 0.7066014671875 0.7183908046874999
0 0.7652811734375 0.9971264375000001 0.7652811734375 0.9712643671875 0.7628361859375 0.9683908046875 0.7603911984375 0.9568965515625001 0.755501221875 0.951149425 0.748166259375 0.951149425 0.7310513453125 0.9712643671875 0.72860635625 0.9827586203124999 0.72127139375 0.9971264375000001 0.7652811734375 0.9971264375000001
0 0.7921760390625 0.951149425 0.7848410765625 0.959770115625 0.7848410765625 0.9741379312499999 0.7872860640625 0.9798850578125 0.7970660140625 0.988505746875 0.811735940625 0.988505746875 0.8239608796875 0.9770114937500001 0.8288508562500001 0.9655172406249999 0.8288508562500001 0.959770115625 0.8312958437500001 0.9568965515625001 0.8312958437500001 0.9482758625000001 0.82640586875 0.939655171875 0.8141809296875 0.939655171875 0.801955990625 0.939655171875 0.7946210265625 0.9482758625000001 0.7921760390625 0.9482758625000001 0.7921760390625 0.951149425
0 0.8141809296875 0.72701149375 0.8141809296875 0.7327586203124999 0.811735940625 0.735632184375 0.811735940625 0.7528735625 0.8166259171875 0.764367815625 0.8215158921875 0.7672413796875001 0.8337408312499999 0.764367815625 0.83863080625 0.7586206890625 0.8410757953125 0.7586206890625 0.8484107578125 0.75 0.8508557453125001 0.7413793109375 0.8557457218750001 0.735632184375 0.8581907093750001 0.7183908046874999 0.8557457218750001 0.715517240625 0.8557457218750001 0.7040229890624999 0.8533007328125001 0.701149425 0.8435207828125 0.701149425 0.83863080625 0.7068965515625 0.8312958437500001 0.7068965515625 0.82640586875 0.709770115625 0.8141809296875 0.72701149375
0 0.9095354515625 0.8419540234375 0.9046454765625 0.8534482765625 0.9070904640625 0.8706896546875 0.921760390625 0.8793103453125 0.9315403421875 0.8793103453125 0.9364303171874999 0.87643678125 0.94621026875 0.862068965625 0.94621026875 0.8563218390625 0.94865525625 0.8534482765625 0.94865525625 0.839080459375 0.9437652812499999 0.8304597703125 0.9303178484375 0.8304597703125 0.9168704156249999 0.8304597703125 0.9119804406249999 0.8333333328125001 0.9095354515625 0.836206896875 0.9095354515625 0.8419540234375
0 0.9315403421875 0.9425287359375 0.9315403421875 0.9482758625000001 0.94865525625 0.9482758625000001 0.9682151593749999 0.9367816093749999 0.9682151593749999 0.9195402296875 0.9657701718749999 0.9166666671874999 0.9657701718749999 0.910919540625 0.9584352078125 0.90229885 0.9584352078125 0.8994252875000001 0.9535452328125 0.8965517234375 0.9413202937499999 0.8965517234375 0.9315403421875 0.90229885 0.9290953546875 0.9080459765625 0.9290953546875 0.939655171875 0.9315403421875 0.9425287359375
0 0.8997555015625001 0.62356321875 0.9046454765625 0.62356321875 0.9144254281249999 0.6293103453125 0.9266503671875 0.6408045984374999 0.9364303171874999 0.6436781609375 0.94865525625 0.6293103453125 0.94865525625 0.6005747125 0.9413202937499999 0.5890804593750001 0.9315403421875 0.5833333328125 0.9144254281249999 0.5833333328125 0.9070904640625 0.5948275859375001 0.9070904640625 0.6063218390625 0.8997555015625001 0.614942528125 0.8997555015625001 0.62356321875
0 0.8557457218750001 0.5431034484375 0.8533007328125001 0.548850575 0.8557457218750001 0.5574712640625 0.863080684375 0.5689655171875 0.863080684375 0.5747126437500001 0.8728606359375 0.5833333328125 0.8801955984375001 0.5833333328125 0.8826405875000001 0.5804597703125001 0.8924205374999999 0.57758620625 0.8997555015625001 0.5660919546875001 0.8997555015625001 0.5517241375 0.8973105140625 0.548850575 0.8973105140625 0.540229884375 0.8924205374999999 0.534482759375 0.8728606359375 0.534482759375 0.8704156484375 0.537356321875 0.863080684375 0.537356321875 0.8581907093750001 0.5431034484375 0.8557457218750001 0.5431034484375
0 0.8997555015625001 0.4913793109375 0.8997555015625001 0.4798850578125 0.8875305625 0.46839080468749994 0.867970659375 0.46839080468749994 0.8581907093750001 0.47701149374999996 0.8533007328125001 0.5 0.8948655249999999 0.5 0.8997555015625001 0.4913793109375
0 0.9535452328125 0.387931034375 0.94621026875 0.3994252875 0.94621026875 0.4080459765625 0.9535452328125 0.42528735624999997 0.9535452328125 0.4310344828125 0.9633251828124999 0.436781609375 0.9682151593749999 0.436781609375 0.977995109375 0.42528735624999997 0.977995109375 0.4166666671875 0.9804400984375 0.413793103125 0.9804400984375 0.4051724140625 0.9828850859375 0.40229885000000004 0.9828850859375 0.3936781609375 0.9804400984375 0.39080459843750004 0.9804400984375 0.37356321875 0.977995109375 0.3706896546875 0.977995109375 0.364942528125 0.970660146875 0.3563218390625 0.9657701718749999 0.3563218390625 0.9633251828124999 0.364942528125 0.9584352078125 0.3706896546875 0.9535452328125 0.3821839078125 0.9535452328125 0.387931034375
0 0.8410757953125 0.39080459843750004 0.8337408312499999 0.3994252875 0.83863080625 0.40229885000000004 0.8459657703125 0.4195402296875 0.8533007328125001 0.42816092031249997 0.865525671875 0.42816092031249997 0.8704156484375 0.42241379375 0.8753056234375001 0.41091954062499997 0.8753056234375001 0.40229885000000004 0.8777506109375001 0.3994252875 0.8777506109375001 0.39080459843750004 0.8801955984375001 0.387931034375 0.8777506109375001 0.3821839078125 0.8801955984375001 0.3534482765625 0.8777506109375001 0.34770115 0.8704156484375 0.3419540234375 0.867970659375 0.3419540234375 0.863080684375 0.34770115 0.863080684375 0.3534482765625 0.8435207828125 0.3821839078125 0.8410757953125 0.39080459843750004
0 0.7579462109375 0.413793103125 0.755501221875 0.4166666671875 0.755501221875 0.42241379375 0.7603911984375 0.42241379375 0.7897310515625 0.439655171875 0.7946210265625 0.439655171875 0.7970660140625 0.4454022984375 0.8044009781250001 0.4454022984375 0.811735940625 0.436781609375 0.811735940625 0.4195402296875 0.799511003125 0.3936781609375 0.7897310515625 0.3821839078125 0.7799511 0.37643678125 0.7677261609375 0.37643678125 0.7603911984375 0.385057471875 0.7603911984375 0.39080459843750004 0.7579462109375 0.3936781609375 0.7579462109375 0.413793103125
0 0.8239608796875 0.48275862031249994 0.8215158921875 0.485632184375 0.8215158921875 0.49712643749999996 0.8239608796875 0.5 0.8459657703125 0.5 0.8508557453125001 0.49712643749999996 0.8557457218750001 0.47413793125000003 0.8533007328125001 0.4712643671875 0.8533007328125001 0.4568965515625 0.8484107578125 0.451149425 0.8484107578125 0.44827586249999996 0.8410757953125 0.44827586249999996 0.83863080625 0.451149425 0.8337408312499999 0.451149425 0.8239608796875 0.46264367812499996 0.8239608796875 0.48275862031249994
0 0.7897310515625 0.47701149374999996 0.7872860640625 0.4798850578125 0.7872860640625 0.485632184375 0.7897310515625 0.48850574687500004 0.7897310515625 0.5 0.7946210265625 0.5028735625 0.8141809296875 0.5028735625 0.8190709046875 0.49712643749999996 0.8215158921875 0.4712643671875 0.811735940625 0.4568965515625 0.8068459656250001 0.4568965515625 0.8044009781250001 0.45402298906249994 0.801955990625 0.4568965515625 0.7970660140625 0.4568965515625 0.7897310515625 0.465517240625 0.7897310515625 0.47701149374999996
0 0.95110024375 0.5517241375 0.9584352078125 0.5603448281250001 0.9633251828124999 0.5603448281250001 0.9657701718749999 0.563218390625 0.975550121875 0.563218390625 0.977995109375 0.5603448281250001 0.9902200484374999 0.5574712640625 0.9902200484374999 0.5431034484375 0.9877750609374999 0.540229884375 0.9877750609374999 0.534482759375 0.9828850859375 0.5287356328125 0.9682151593749999 0.5287356328125 0.9657701718749999 0.5316091953125001 0.94865525625 0.5316091953125001 0.9437652812499999 0.534482759375 0.95110024375 0.5517241375
0 0.7603911984375 0.6666666671875 0.7603911984375 0.6695402296874999 0.7628361859375 0.6695402296874999 0.7677261609375 0.6752873562499999 0.775061125 0.6752873562499999 0.7921760390625 0.6609195406249999 0.7946210265625 0.6609195406249999 0.801955990625 0.6436781609375 0.799511003125 0.637931034375 0.799511003125 0.6321839078125 0.801955990625 0.6293103453125 0.799511003125 0.62643678125 0.7799511 0.62643678125 0.7775061125 0.62356321875 0.7726161375 0.62356321875 0.753056234375 0.6494252875 0.753056234375 0.6609195406249999 0.755501221875 0.6609195406249999 0.7603911984375 0.6666666671875
0 0.7628361859375 0.3045977015625 0.743276284375 0.2959770109375 0.7261613687499999 0.3074712640625 0.72860635625 0.34482758593749996 0.7506112468749999 0.364942528125 0.7628361859375 0.336206896875 0.7628361859375 0.3045977015625
0 0.8288508562500001 0.2528735625 0.8166259171875 0.24137931093749998 0.7897310515625 0.2672413796875 0.7872860640625 0.2959770109375 0.8044009781250001 0.31034482812499997 0.82640586875 0.284482759375 0.8288508562500001 0.2528735625
3 0.088019559375 0.5517241375 0.0757946203125 0.5517241375 0.0757946203125 0.57758620625 0.0904645484375 0.57758620625 0.10513447499999999 0.614942528125 0.0929095359375 0.6321839078125 0.1246943765625 0.6408045984374999 0.141809290625 0.6839080453124999 0.21515892343749998 0.6810344828125 0.2640586796875 0.6494252875 0.303178484375 0.59770115 0.308068459375 0.57758620625 0.300733496875 0.5545977015625 0.26161369218749997 0.548850575 0.25427872812499996 0.540229884375 0.256723715625 0.5028735625 0.28606357031249996 0.47701149374999996 0.2298288515625 0.42241379375 0.16870415625 0.4195402296875 0.1564792171875 0.42528735624999997 0.1540342296875 0.4339080453125 0.16625916875 0.4425287359375 0.134474328125 0.5086206890625 0.088019559375 0.5517241375
3 0.72371638125 0.5028735625 0.7310513453125 0.5086206890625 0.71882640625 0.5172413796875001 0.7163814187499999 0.537356321875 0.7041564796875 0.5431034484375 0.581907090625 0.548850575 0.586797065625 0.5833333328125 0.5990220046875 0.6178160921875 0.6528117359375 0.6752873562499999 0.665036675 0.6781609203125 0.7163814187499999 0.6666666671875 0.7334963328125 0.6551724140624999 0.7383863078124999 0.614942528125 0.745721271875 0.6091954015625001 0.7579462109375 0.6206896546875 0.7652811734375 0.6206896546875 0.7652811734375 0.57758620625 0.7701711484375 0.5718390796875 0.7848410765625 0.5747126437500001 0.7872860640625 0.5689655171875 0.7823960875 0.5545977015625 0.7701711484375 0.5459770109375001 0.7579462109375 0.5459770109375001 0.7408312953125 0.52298850625 0.7506112468749999 0.49712643749999996 0.7823960875 0.49712643749999996 0.7823960875 0.47413793125000003 0.7261613687499999 0.41091954062499997 0.6577017109375001 0.413793103125 0.6234718828125 0.436781609375 0.5916870421875 0.48275862031249994 0.581907090625 0.48275862031249994 0.579462103125 0.5057471265625 0.584352078125 0.5086206890625 0.691931540625 0.5028735625 0.72371638125 0.5028735625