3 0.28372092968749996 0.4361702125 0.2790697671875 0.46808510625000005 0.30232558125 0.5212765953125 0.3813953484375 0.59219858125 0.46046511562500003 0.5992907796875 0.5162790703125 0.5886524828125 0.590697675 0.5354609921875 0.6139534890625 0.47872340468749996 0.6046511625 0.4609929078125 0.5720930234375 0.450354609375 0.5767441859375 0.4361702125 0.5767441859375 0.41489361718750006 0.5720930234375 0.4361702125 0.5302325578125 0.4361702125 0.50697674375 0.450354609375 0.28372092968749996 0.4361702125
3 0.50232558125 0.40070922031249995 0.48837209374999996 0.3865248234375 0.49767441874999996 0.3794326234375 0.5162790703125 0.3794326234375 0.51162790625 0.390070921875 0.5255813953125 0.3971631203125 0.590697675 0.3865248234375 0.558139534375 0.3333333328125 0.4790697671875 0.2907801421875 0.47441860468749997 0.28723404218750004 0.3674418609375 0.3014184390625 0.2697674421875 0.3829787234375 0.43720930156250004 0.40425531875000004 0.50232558125 0.40070922031249995
0 0.251162790625 0.0992907796875 0.2651162796875 0.124113475 0.29302325625000003 0.127659575 0.3348837203125 0.11347517656249999 0.34883720937499996 0.049645390625 0.344186046875 0.049645390625 0.31162790625 0.0638297875 0.2790697671875 0.0602836875 0.260465115625 0.074468084375 0.251162790625 0.0992907796875
0 0.3767441859375 0.141843971875 0.344186046875 0.124113475 0.30697674375 0.124113475 0.2697674421875 0.1489361703125 0.3209302328125 0.1950354609375 0.3767441859375 0.15957446875 0.3767441859375 0.141843971875
0 0.20465116249999998 0.20212765937500002 0.1813953484375 0.17730496406250001 0.17674418593750002 0.1453900703125 0.1348837203125 0.138297871875 0.1255813953125 0.138297871875 0.10697674374999999 0.1489361703125 0.1255813953125 0.20212765937500002 0.2 0.21985815625 0.20465116249999998 0.20212765937500002
0 0.09767441875 0.1950354609375 0.09302325624999999 0.1489361703125 0.0744186046875 0.1489361703125 0.032558139062500005 0.170212765625 0.032558139062500005 0.20212765937500002 0.055813953125 0.21631205625 0.09767441875 0.1950354609375
0 0.20465116249999998 0.326241134375 0.20465116249999998 0.3014184390625 0.1674418609375 0.265957446875 0.144186046875 0.265957446875 0.1255813953125 0.294326240625 0.1255813953125 0.329787234375 0.1627906984375 0.37588652499999997 0.20465116249999998 0.326241134375
0 0.241860465625 0.3794326234375 0.29302325625000003 0.34397163124999997 0.29302325625000003 0.3085106390625 0.2697674421875 0.28723404218750004 0.251162790625 0.28723404218750004 0.21860465156250003 0.3085106390625 0.2 0.3652482265625 0.20930232499999998 0.3829787234375 0.241860465625 0.3794326234375
0 0.71162790625 0.17730496406250001 0.739534884375 0.1631205671875 0.748837209375 0.138297871875 0.68837209375 0.11702127656250001 0.6651162796875 0.11702127656250001 0.6465116281250001 0.127659575 0.6465116281250001 0.1453900703125 0.6697674421875 0.170212765625 0.71162790625 0.17730496406250001
0 0.958139534375 0.23404255312500002 0.953488371875 0.1950354609375 0.9348837203125001 0.17730496406250001 0.91162790625 0.17730496406250001 0.89302325625 0.19858156093749998 0.89302325625 0.237588653125 0.9162790703124999 0.2730496453125 0.958139534375 0.23404255312500002
0 0.30232558125 0.5354609921875 0.2651162796875 0.5248226953125 0.241860465625 0.5248226953125 0.2232558140625 0.5425531921875 0.2697674421875 0.5886524828125 0.344186046875 0.5709219859375 0.30232558125 0.5354609921875
0 0.30697674375 0.6879432624999999 0.34883720937499996 0.670212765625 0.3767441859375 0.638297871875 0.3767441859375 0.6205673765624999 0.358139534375 0.606382978125 0.3348837203125 0.606382978125 0.31162790625 0.606382978125 0.28837209375 0.6241134749999999 0.28837209375 0.6631205671875 0.30697674375 0.6879432624999999
0 0.2232558140625 0.769503546875 0.2790697671875 0.6950354609375 0.2744186046875 0.6631205671875 0.255813953125 0.6453900703125 0.246511628125 0.6453900703125 0.21395348906249997 0.65957446875 0.2 0.6843971625 0.20930232499999998 0.7553191484374999 0.2232558140625 0.769503546875
0 0.3627906984375 0.7482269500000001 0.3813953484375 0.7234042546875 0.3767441859375 0.6879432624999999 0.358139534375 0.6773049640625 0.344186046875 0.6773049640625 0.31162790625 0.6950354609375 0.29767441875 0.7269503546875 0.30232558125 0.7730496453125 0.3627906984375 0.7482269500000001
0 0.40930232499999997 0.794326240625 0.43255813906249996 0.7765957453125 0.45116279062500003 0.7553191484374999 0.44186046562500003 0.7234042546875 0.41395348906249996 0.7234042546875 0.38604651093750003 0.7234042546875 0.3627906984375 0.7517730499999999 0.3674418609375 0.797872340625 0.40930232499999997 0.794326240625
0 0.344186046875 0.8297872343750001 0.344186046875 0.8120567375000001 0.3162790703125 0.8120567375000001 0.30232558125 0.797872340625 0.2744186046875 0.797872340625 0.2372093015625 0.8120567375000001 0.241860465625 0.84397163125 0.2744186046875 0.8652482265625 0.344186046875 0.8297872343750001
0 0.21395348906249997 0.890070921875 0.1720930234375 0.8546099296874999 0.144186046875 0.8546099296874999 0.1255813953125 0.872340425 0.144186046875 0.9290780140624999 0.20930232499999998 0.9468085109375 0.21395348906249997 0.890070921875
0 0.446511628125 0.9539007093749999 0.46046511562500003 0.9468085109375 0.4697674421875 0.9078014187500001 0.4186046515625 0.8829787234375001 0.3953488375 0.8829787234375001 0.3813953484375 0.890070921875 0.3813953484375 0.9290780140624999 0.40930232499999997 0.9539007093749999 0.446511628125 0.9539007093749999
0 0.7953488375 0.861702128125 0.7581395343749999 0.8191489359374999 0.7302325578125 0.8191489359374999 0.70232558125 0.8333333328125001 0.70232558125 0.8546099296874999 0.739534884375 0.893617021875 0.7953488375 0.861702128125
0 0.8186046515625 0.858156028125 0.7953488375 0.858156028125 0.7674418609375 0.9007092203125 0.8232558140625 0.9148936171875001 0.851162790625 0.875886525 0.8186046515625 0.858156028125
0 0.8232558140625 0.9432624109375001 0.8232558140625 0.921985815625 0.7767441859375 0.90425531875 0.7674418609375 0.90425531875 0.744186046875 0.9148936171875001 0.7302325578125 0.96808510625 0.7813953484375 0.9787234046875 0.8232558140625 0.9432624109375001
0 0.739534884375 0.5709219859375 0.739534884375 0.5567375890624999 0.6744186046875 0.546099290625 0.6651162796875 0.546099290625 0.6325581390624999 0.5992907796875 0.655813953125 0.6205673765624999 0.70232558125 0.609929078125 0.739534884375 0.5709219859375
0 0.7627906984374999 0.485815603125 0.739534884375 0.4609929078125 0.709302325 0.4609929078125 0.6790697671875 0.46808510625000005 0.71162790625 0.4964539 0.7581395343749999 0.5070921984375001 0.7627906984374999 0.485815603125
0 0.841860465625 0.4290780140625 0.8465116281249999 0.3971631203125 0.8186046515625 0.35815602812499997 0.8046511625000001 0.35815602812499997 0.7720930234375001 0.3794326234375 0.7720930234375001 0.3971631203125 0.790697675 0.425531915625 0.841860465625 0.4290780140625
0 0.9302325578125 0.40070922031249995 0.9441860468750001 0.34397163124999997 0.91162790625 0.3085106390625 0.9069767437499999 0.3085106390625 0.8837209296875 0.3191489359375 0.9023255812500001 0.3368794328125 0.8790697671875 0.3546099296875 0.9302325578125 0.40070922031249995
0 0.8697674421875 0.4893617015625 0.855813953125 0.47517730468749997 0.8325581390625001 0.47517730468749997 0.7953488375 0.4964539 0.809302325 0.5354609921875 0.860465115625 0.5106382984375 0.8697674421875 0.4893617015625
0 0.790697675 0.6879432624999999 0.790697675 0.65957446875 0.7720930234375001 0.641843971875 0.7348837203125 0.641843971875 0.7209302328125 0.6489361703125 0.7209302328125 0.6773049640625 0.748837209375 0.6985815609375 0.790697675 0.6879432624999999
0 0.9255813953124999 0.7092198578125 0.953488371875 0.6914893609375 0.953488371875 0.65602836875 0.9209302328125 0.6170212765625 0.9069767437499999 0.6170212765625 0.91162790625 0.6631205671875 0.89767441875 0.6808510640625001 0.9069767437499999 0.705673759375 0.9255813953124999 0.7092198578125
0 0.9069767437499999 0.65602836875 0.8883720937499999 0.641843971875 0.8651162796874999 0.641843971875 0.860465115625 0.638297871875 0.8186046515625 0.65602836875 0.809302325 0.6843971625 0.8837209296875 0.6879432624999999 0.9069767437499999 0.65602836875
0 0.8372093015625 0.5744680843750001 0.8139534890625001 0.5744680843750001 0.7767441859375 0.606382978125 0.7953488375 0.65957446875 0.8465116281249999 0.6241134749999999 0.8372093015625 0.5744680843750001
0 0.8744186046875001 0.6134751765625001 0.89767441875 0.581560284375 0.89767441875 0.5425531921875 0.8744186046875001 0.52836879375 0.860465115625 0.52836879375 0.8372093015625 0.5602836875 0.855813953125 0.59574468125 0.851162790625 0.6205673765624999 0.8744186046875001 0.6134751765625001
0 0.939534884375 0.53191489375 0.9209302328125 0.4893617015625 0.89767441875 0.4893617015625 0.8744186046875001 0.4893617015625 0.8697674421875 0.5248226953125 0.9255813953124999 0.546099290625 0.939534884375 0.53191489375
0 0.8883720937499999 0.7092198578125 0.8697674421875 0.6950354609375 0.8186046515625 0.6914893609375 0.8 0.6914893609375 0.7813953484375 0.71985815625 0.7720930234375001 0.7872340421875 0.8279069765625 0.8014184390624999 0.8883720937499999 0.7092198578125
2 0 0.41489361718750006 0.4651162796875 0.4432624109375 0.5255813953125 0.4361702125 0.5255813953125 0.41489361718750006 0.49767441874999996 0.40780141875 0.032558139062500005 0.37588652499999997 0 0.37588652499999997 0 0.41489361718750006
2 0.9813953484375 0.4432624109375 0.958139534375 0.4432624109375 0.953488371875 0.47163120625 0.9953488374999999 0.47872340468749996 0.9953488374999999 0.4468085109375 0.9813953484375 0.4432624109375
2 0.9023255812500001 0.4574468078125 0.8883720937499999 0.4397163125 0.855813953125 0.4326241140625 0.790697675 0.4361702125 0.7627906984374999 0.425531915625 0.6325581390624999 0.41843971562500004 0.6139534890625 0.41843971562500004 0.590697675 0.4290780140625 0.5953488375 0.450354609375 0.8744186046875001 0.46808510625000005 0.9023255812500001 0.4574468078125