3 0.259875259375 0.66919191875 0.2619542625 0.6919191921875 0.3014553015625 0.6919191921875 0.30977130937499997 0.6818181812499999 0.3367983375 0.6944444437499999 0.37837837812499997 0.6919191921875 0.384615384375 0.674242425 0.39916839843749996 0.6767676765624999 0.409563409375 0.6641414140624999 0.397089396875 0.6540404046875 0.3762993765625 0.6666666671875 0.365904365625 0.6641414140624999 0.3638253640625 0.6489898984375 0.3762993765625 0.628787878125 0.372141371875 0.61868686875 0.359667359375 0.621212121875 0.3513513515625 0.6464646468749999 0.340956340625 0.6540404046875 0.3326403328125 0.60606060625 0.30977130937499997 0.6035353531250001 0.297297296875 0.616161615625 0.291060290625 0.5984848484375 0.2952182953125 0.5858585859375001 0.291060290625 0.5858585859375001 0.2889812890625 0.6085858578125001 0.259875259375 0.6262626265625 0.24740124687499998 0.6489898984375 0.259875259375 0.66919191875
3 0.26819126875 0.8106060609375 0.24948025000000001 0.7954545453125 0.24740124687499998 0.7803030296875 0.23492723437500002 0.777777778125 0.23492723437500002 0.7424242421875 0.266112265625 0.7348484843749999 0.27650727656249996 0.7676767671875 0.2827442828125 0.7676767671875 0.2869022875 0.7803030296875 0.29313929375000003 0.777777778125 0.297297296875 0.7929292921875 0.303534303125 0.790404040625 0.2993763 0.7803030296875 0.32432432499999997 0.777777778125 0.32432432499999997 0.790404040625 0.334719334375 0.7828282828125 0.32640332656250004 0.752525253125 0.3014553015625 0.752525253125 0.30977130937499997 0.747474746875 0.3076923078125 0.739898990625 0.284823284375 0.7297979796875 0.27858627812500003 0.7297979796875 0.21829521875000002 0.7373737375 0.2370062375 0.8005050499999999 0.2619542625 0.8257575750000001 0.26819126875 0.8106060609375
3 0.365904365625 0.747474746875 0.36798336875 0.7550505046875 0.372141371875 0.747474746875 0.3887733890625 0.747474746875 0.390852390625 0.7626262625 0.403326403125 0.7676767671875 0.3825363828125 0.7853535359375 0.3887733890625 0.7878787875000001 0.3866943859375 0.8080808078124999 0.3762993765625 0.8131313125 0.3700623703125 0.828282828125 0.3513513515625 0.828282828125 0.34719334687500003 0.8358585859375 0.30977130937499997 0.8257575750000001 0.3139293140625 0.8459595953125 0.3388773390625 0.8484848484375 0.359667359375 0.8409090906250001 0.422037421875 0.7803030296875 0.4241164234375 0.760101009375 0.409563409375 0.7550505046875 0.409563409375 0.7449494953125 0.374220375 0.7348484843749999 0.372141371875 0.7323232328125 0.372141371875 0.739898990625 0.35550935625 0.739898990625 0.35550935625 0.747474746875 0.365904365625 0.747474746875
3 0.6881496874999999 0.803030303125 0.70686070625 0.81818181875 0.71933471875 0.8459595953125 0.740124740625 0.86868686875 0.7629937625000001 0.871212121875 0.777546778125 0.85606060625 0.7879417875 0.8257575750000001 0.8004158 0.828282828125 0.7983367984374999 0.85606060625 0.8149688156250001 0.85606060625 0.8128898124999999 0.8207070703125 0.81912681875 0.8106060609375 0.8482328484374999 0.81818181875 0.8586278593750001 0.7979797984375 0.8690228687499999 0.7929292921875 0.8731808734375001 0.7651515156250001 0.8607068609375 0.7424242421875 0.8565488562500001 0.75 0.8253638249999999 0.739898990625 0.7920997921875 0.747474746875 0.78170478125 0.7373737375 0.7629937625000001 0.7373737375 0.752598753125 0.7373737375 0.7110187109375 0.7373737375 0.6923076921875 0.747474746875 0.677754678125 0.775252525 0.6881496874999999 0.803030303125
3 0.7983367984374999 0.7020202015625 0.7983367984374999 0.7323232328125 0.808731809375 0.7323232328125 0.808731809375 0.709595959375 0.8170478171875001 0.7020202015625 0.852390853125 0.7020202015625 0.8565488562500001 0.671717171875 0.8419958421875 0.674242425 0.8253638249999999 0.696969696875 0.8149688156250001 0.6919191921875 0.8149688156250001 0.6388888890625 0.8128898124999999 0.6363636359375 0.777546778125 0.674242425 0.752598753125 0.6792929296875 0.7380457375 0.69949495 0.7983367984374999 0.7020202015625
3 0.746361746875 0.6666666671875 0.76923076875 0.6414141421874999 0.79417879375 0.6363636359375 0.802494803125 0.621212121875 0.7920997921875 0.61868686875 0.7900207906250001 0.61868686875 0.7234927234375 0.633838384375 0.73180873125 0.6590909093749999 0.727650728125 0.66919191875 0.746361746875 0.6666666671875
0 0.07276507343750001 0.24747474687499998 0.0893970890625 0.2449494953125 0.12474012500000001 0.222222221875 0.13097713125 0.15909090937499998 0.11642411718750001 0.15909090937499998 0.08108108124999999 0.174242425 0.062370062500000004 0.20202020156249997 0.062370062500000004 0.23737373750000001 0.07276507343750001 0.24747474687499998
0 0.10602910624999999 0.3863636359375 0.10395010468749999 0.3510101015625 0.08316008281250001 0.33080808125 0.0706860703125 0.33080808125 0.0270270265625 0.353535353125 0.0415800421875 0.378787878125 0.0706860703125 0.396464646875 0.10602910624999999 0.3863636359375
0 0.18087318125000001 0.459595959375 0.2016632015625 0.4696969703125 0.1995842 0.49747474687500004 0.21829521875000002 0.527777778125 0.2266112265625 0.527777778125 0.24324324375 0.5050505046875 0.24948025000000001 0.47979797968750004 0.2702702703125 0.45454545468749996 0.24740124687499998 0.4419191921875 0.23284823281249997 0.409090909375 0.2266112265625 0.409090909375 0.21621621562499999 0.4393939390625 0.191268190625 0.43181818125 0.174636175 0.43686868749999996 0.18087318125000001 0.459595959375
0 0.2889812890625 0.43181818125 0.2889812890625 0.4520202015625 0.2952182953125 0.459595959375 0.32432432499999997 0.46212121249999993 0.34927235 0.44444444375 0.3575883578125 0.41919191875 0.35550935625 0.378787878125 0.353430353125 0.3762626265625 0.3367983375 0.3888888890625 0.3139293140625 0.39141414218750004 0.2993763 0.40656565625 0.2889812890625 0.43181818125
0 0.340956340625 0.3080808078125 0.374220375 0.3106060609375 0.3929313921875 0.30050505 0.39916839843749996 0.2853535359375 0.3929313921875 0.2272727265625 0.390852390625 0.22474747499999997 0.34303534375 0.252525253125 0.3326403328125 0.2803030296875 0.3326403328125 0.2979797984375 0.340956340625 0.3080808078125
0 0.31808731875 0.21464646406250001 0.31808731875 0.234848484375 0.32640332656250004 0.24747474687499998 0.3388773390625 0.25 0.38045737968750004 0.2297979796875 0.37837837812499997 0.174242425 0.372141371875 0.1666666671875 0.359667359375 0.18181818125 0.34511434531249996 0.1792929296875 0.328482328125 0.1919191921875 0.31808731875 0.21464646406250001
0 0.478170478125 0.25757575781250003 0.4802494796875 0.23737373750000001 0.440748440625 0.18686868750000002 0.43451143437499995 0.18686868750000002 0.4241164234375 0.2449494953125 0.4428274421875 0.2853535359375 0.4615384609375 0.2878787875 0.478170478125 0.25757575781250003
0 0.4324324328125 0.4292929296875 0.44906444843750004 0.4267676765625 0.46569646562499994 0.409090909375 0.4698544703125 0.3762626265625 0.45530145468749994 0.3459595953125 0.446985446875 0.3459595953125 0.4241164234375 0.3611111109375 0.41787941718750005 0.383838384375 0.4199584203125 0.41161616093750003 0.4324324328125 0.4292929296875
0 0.534303534375 0.34090909062499997 0.534303534375 0.3207070703125 0.5051975046875 0.27272727343750003 0.49688149687500005 0.27272727343750003 0.4948024953125 0.33838383906249997 0.503118503125 0.353535353125 0.5259875265625 0.35858585781249996 0.534303534375 0.34090909062499997
0 0.509355509375 0.19696969687500002 0.5259875265625 0.18181818125 0.5259875265625 0.14141414218749998 0.5124740125 0.14141414218749998 0.48648648593750005 0.146464646875 0.4802494796875 0.1616161609375 0.48648648593750005 0.1893939390625 0.509355509375 0.19696969687500002
0 0.6174636171875 0.2929292921875 0.6299376296875 0.2550505046875 0.6237006234375 0.2449494953125 0.5862785859375 0.23989899062500003 0.5821205828125 0.23989899062500003 0.5550935546875 0.25757575781250003 0.5530145531249999 0.290404040625 0.5987525984375 0.3080808078125 0.6174636171875 0.2929292921875
0 0.73180873125 0.275252525 0.7609147609375 0.25757575781250003 0.771309771875 0.23737373750000001 0.76923076875 0.20202020156249997 0.7629937625000001 0.20202020156249997 0.71933471875 0.2297979796875 0.7130977125 0.2449494953125 0.71933471875 0.2702020203125 0.73180873125 0.275252525
0 0.683991684375 0.1489898984375 0.702702703125 0.1641414140625 0.725571725 0.15656565625000002 0.733887734375 0.14141414218749998 0.733887734375 0.0959595953125 0.727650728125 0.0959595953125 0.7172557171875 0.10606060625 0.6881496874999999 0.103535353125 0.675675675 0.11868686875000001 0.683991684375 0.1489898984375
0 0.6548856546875 0.21464646406250001 0.665280665625 0.21464646406250001 0.68191268125 0.19949495 0.6943866937500001 0.174242425 0.6943866937500001 0.1616161609375 0.677754678125 0.146464646875 0.671517671875 0.11868686875000001 0.665280665625 0.1111111109375 0.65696465625 0.1363636359375 0.640332640625 0.1515151515625 0.6424116421875 0.19444444375 0.6548856546875 0.21464646406250001
0 0.7879417875 0.29545454531250004 0.8170478171875001 0.29545454531250004 0.8419958421875 0.2550505046875 0.8378378375000001 0.2449494953125 0.8253638249999999 0.2449494953125 0.808731809375 0.2323232328125 0.796257796875 0.2323232328125 0.783783784375 0.23737373750000001 0.7671517671875 0.2626262625 0.76923076875 0.2828282828125 0.7879417875 0.29545454531250004
0 0.765072765625 0.3459595953125 0.775467775 0.3106060609375 0.7588357593749999 0.2626262625 0.75051975 0.2626262625 0.727650728125 0.2878787875 0.727650728125 0.3106060609375 0.7484407484375 0.3510101015625 0.765072765625 0.3459595953125
0 0.696465696875 0.45454545468749996 0.7172557171875 0.459595959375 0.73180873125 0.4419191921875 0.733887734375 0.409090909375 0.7172557171875 0.38131313125 0.696465696875 0.36868686875 0.68191268125 0.36868686875 0.675675675 0.3737373734375 0.68191268125 0.39141414218750004 0.68191268125 0.434343434375 0.696465696875 0.45454545468749996
0 0.8960498953125 0.41161616093750003 0.9209979203125 0.396464646875 0.925155925 0.39141414218750004 0.90644490625 0.3611111109375 0.875259875 0.3358585859375 0.8627858625 0.3358585859375 0.8544698546875 0.34343434375 0.8544698546875 0.3737373734375 0.8731808734375001 0.40656565625 0.8960498953125 0.41161616093750003
0 0.9584199578125 0.09343434375000001 0.9771309765625 0.075757575 0.9417879421875 0.0176767671875 0.9334719328125001 0.0176767671875 0.9230769234375 0.0303030296875 0.91891891875 0.050505049999999996 0.925155925 0.0959595953125 0.9584199578125 0.09343434375000001
0 0.9085239078124999 0.21464646406250001 0.9313929312499999 0.2121212125 0.9459459453125 0.19444444375 0.9459459453125 0.15909090937499998 0.925155925 0.1515151515625 0.9147609140625 0.1515151515625 0.9043659046875 0.1515151515625 0.8794178796875001 0.1792929296875 0.88149688125 0.19444444375 0.9085239078124999 0.21464646406250001
0 0.9750519750000001 0.252525253125 0.9937629937500001 0.21464646406250001 0.9875259875 0.20202020156249997 0.9729729734375001 0.20707070781249998 0.9625779624999999 0.19949495 0.9480249484375 0.19949495 0.9272349265625 0.22474747499999997 0.925155925 0.23989899062500003 0.9521829515625001 0.26010100937499997 0.9750519750000001 0.252525253125
0 0.5821205828125 0.5454545453125 0.5800415796875 0.5151515156250001 0.540540540625 0.4646464640625 0.5322245328124999 0.4646464640625 0.534303534375 0.5328282828125 0.559251559375 0.5606060609375 0.5696465703125 0.5631313125 0.5821205828125 0.5454545453125
0 0.577962578125 0.59343434375 0.590436590625 0.6085858578125001 0.609147609375 0.60606060625 0.634095634375 0.5732323234375001 0.63201663125 0.5050505046875 0.627858628125 0.5050505046875 0.6070686078125 0.5328282828125 0.590436590625 0.5429292921875 0.577962578125 0.5732323234375001 0.577962578125 0.59343434375
0 0.128898128125 0.58080808125 0.14760914687499999 0.565656565625 0.14968815 0.55050505 0.1205821203125 0.5328282828125 0.11850311875 0.5303030296875 0.10187110156250001 0.5353535359375 0.0914760921875 0.55050505 0.10602910624999999 0.575757575 0.128898128125 0.58080808125
0 0.0977130984375 0.6868686875 0.1330561328125 0.66919191875 0.14760914687499999 0.6414141421874999 0.14345114375 0.6237373734375 0.1205821203125 0.5984848484375 0.11850311875 0.5959595953125 0.0893970890625 0.63131313125 0.0852390859375 0.6489898984375 0.0852390859375 0.674242425 0.0977130984375 0.6868686875
0 0.24324324375 0.6868686875 0.253638253125 0.6767676765624999 0.24948025000000001 0.6464646468749999 0.25571725624999997 0.621212121875 0.2266112265625 0.578282828125 0.21621621562499999 0.578282828125 0.20582120625 0.59343434375 0.20582120625 0.633838384375 0.23492723437500002 0.6666666671875 0.24324324375 0.6868686875
0 0.30561330625 0.6489898984375 0.3118503125 0.6414141421874999 0.30977130937499997 0.6111111109375 0.31808731875 0.6010101015625 0.316008315625 0.5707070703125 0.297297296875 0.5454545453125 0.2869022875 0.5429292921875 0.284823284375 0.5429292921875 0.2702702703125 0.5555555562500001 0.26819126875 0.5833333328125 0.27650727656249996 0.6085858578125001 0.30561330625 0.6489898984375
0 0.34511434531249996 0.64393939375 0.353430353125 0.6363636359375 0.34927235 0.6262626265625 0.3762993765625 0.60606060625 0.38045737968750004 0.59343434375 0.3825363828125 0.5606060609375 0.372141371875 0.5353535359375 0.36798336875 0.5353535359375 0.34927235 0.5454545453125 0.334719334375 0.565656565625 0.3326403328125 0.6010101015625 0.34511434531249996 0.64393939375
0 0.40748440781250006 0.6515151515625 0.4303534296875 0.628787878125 0.43451143437499995 0.59343434375 0.422037421875 0.578282828125 0.4116424109375 0.578282828125 0.3887733890625 0.5959595953125 0.365904365625 0.6515151515625 0.36798336875 0.6616161609375 0.40748440781250006 0.6515151515625
0 0.4615384609375 0.6616161609375 0.49688149687500005 0.6616161609375 0.5155925156250001 0.6489898984375 0.5155925156250001 0.6388888890625 0.5010395015625 0.61868686875 0.471933471875 0.6035353531250001 0.4698544703125 0.6010101015625 0.44906444843750004 0.6111111109375 0.4241164234375 0.633838384375 0.4241164234375 0.6414141421874999 0.4615384609375 0.6616161609375
0 0.4636174640625 0.674242425 0.43451143437499995 0.6590909093749999 0.4303534296875 0.6590909093749999 0.3825363828125 0.6792929296875 0.38045737968750004 0.6944444437499999 0.47401247343749997 0.696969696875 0.4636174640625 0.674242425
0 0.453222453125 0.775252525 0.47609147656250006 0.739898990625 0.47401247343749997 0.7323232328125 0.4615384609375 0.7297979796875 0.415800415625 0.7297979796875 0.41372141406249996 0.7297979796875 0.39916839843749996 0.7348484843749999 0.415800415625 0.7575757578125 0.446985446875 0.775252525 0.453222453125 0.775252525
0 0.3014553015625 0.8611111109375 0.30561330625 0.803030303125 0.2993763 0.8005050499999999 0.297297296875 0.8005050499999999 0.24740124687499998 0.8459595953125 0.24948025000000001 0.8888888890625 0.274428275 0.8888888890625 0.3014553015625 0.8611111109375
0 0.18918918906249999 0.8636363640625 0.1995842 0.85606060625 0.2079002078125 0.81818181875 0.197505196875 0.7878787875000001 0.174636175 0.7626262625 0.1704781703125 0.7626262625 0.160083159375 0.775252525 0.1517671515625 0.81818181875 0.1580041578125 0.8409090906250001 0.18918918906249999 0.8636363640625
0 0.0519750515625 0.6515151515625 0.0395010390625 0.6388888890625 0.0291060296875 0.6388888890625 0.00623700625 0.65656565625 0 0.6893939390625 0.04989605 0.6868686875 0.0519750515625 0.6515151515625
0 0.3201663203125 0.8207070703125 0.3326403328125 0.83080808125 0.36798336875 0.8257575750000001 0.384615384375 0.8080808078124999 0.384615384375 0.790404040625 0.374220375 0.775252525 0.38045737968750004 0.7676767671875 0.384615384375 0.7727272734375 0.384615384375 0.760101009375 0.3825363828125 0.7575757578125 0.3762993765625 0.7702020203125 0.35550935625 0.7702020203125 0.33056133125 0.790404040625 0.3201663203125 0.8207070703125
0 0.25571725624999997 0.803030303125 0.2827442828125 0.803030303125 0.2889812890625 0.7929292921875 0.284823284375 0.7676767671875 0.25779625781250004 0.7323232328125 0.241164240625 0.7323232328125 0.2453222453125 0.7348484843749999 0.23076923124999998 0.7449494953125 0.2370062375 0.777777778125 0.25571725624999997 0.803030303125
0 0.546777546875 0.7828282828125 0.5675675671875 0.7828282828125 0.5987525984375 0.7626262625 0.6133056140625001 0.7348484843749999 0.6070686078125 0.7272727265625 0.596673596875 0.7272727265625 0.5488565484375 0.7323232328125 0.534303534375 0.752525253125 0.534303534375 0.7702020203125 0.546777546875 0.7828282828125
0 0.6611226609374999 0.7803030296875 0.68191268125 0.7651515156250001 0.6881496874999999 0.7449494953125 0.68191268125 0.7348484843749999 0.65696465625 0.7323232328125 0.6486486484375 0.7323232328125 0.6299376296875 0.7373737375 0.6237006234375 0.7626262625 0.6361746359375 0.777777778125 0.6611226609374999 0.7803030296875
0 0.7234927234375 0.6590909093749999 0.7130977125 0.6085858578125001 0.6923076921875 0.575757575 0.677754678125 0.575757575 0.6673596671875 0.5909090906250001 0.65696465625 0.63131313125 0.675675675 0.6489898984375 0.7234927234375 0.6590909093749999
0 0.708939709375 0.7020202015625 0.7234927234375 0.674242425 0.715176715625 0.6616161609375 0.6923076921875 0.6515151515625 0.677754678125 0.6515151515625 0.6611226609374999 0.6666666671875 0.665280665625 0.6893939390625 0.675675675 0.7020202015625 0.708939709375 0.7020202015625
0 0.6382536375 0.9267676765624999 0.63201663125 0.883838384375 0.6049896046875001 0.8636363640625 0.5987525984375 0.8636363640625 0.5634095640625 0.883838384375 0.596673596875 0.93181818125 0.6257796250000001 0.9368686875 0.6382536375 0.9267676765624999
0 0.7130977125 0.8914141421874999 0.71933471875 0.866161615625 0.7110187109375 0.8232323234375001 0.6985446984375 0.8106060609375 0.6923076921875 0.803030303125 0.66943866875 0.8484848484375 0.6735966734375001 0.878787878125 0.6902286906249999 0.9040404046875 0.7130977125 0.8914141421874999
0 0.715176715625 0.8156565656250001 0.73180873125 0.8383838390625 0.727650728125 0.84343434375 0.7629937625000001 0.853535353125 0.771309771875 0.8409090906250001 0.7671517671875 0.8080808078124999 0.752598753125 0.7878787875000001 0.7172557171875 0.7626262625 0.715176715625 0.7626262625 0.715176715625 0.7828282828125 0.7234927234375 0.7803030296875 0.7130977125 0.7929292921875 0.715176715625 0.8156565656250001
0 0.8108108109375 0.9116161609375 0.8128898124999999 0.871212121875 0.7879417875 0.8257575750000001 0.7858627859375 0.8232323234375001 0.7671517671875 0.9015151515625 0.7858627859375 0.9343434343749999 0.796257796875 0.9343434343749999 0.8108108109375 0.9116161609375
0 0.875259875 0.8585858578125001 0.864864865625 0.8358585859375 0.846153846875 0.8131313125 0.81912681875 0.8106060609375 0.8170478171875001 0.8106060609375 0.8232848234375 0.86868686875 0.8419958421875 0.8888888890625 0.8731808734375001 0.8914141421874999 0.875259875 0.8585858578125001
0 0.925155925 0.8611111109375 0.9376299375 0.8383838390625 0.9272349265625 0.803030303125 0.9085239078124999 0.7727272734375 0.90644490625 0.7702020203125 0.88149688125 0.8055555562500001 0.88149688125 0.8333333328125001 0.9022869015625 0.85606060625 0.925155925 0.8611111109375
0 0.8607068609375 0.6666666671875 0.8773388765625001 0.6414141421874999 0.8794178796875001 0.61868686875 0.8669438671874999 0.5959595953125 0.8627858625 0.5959595953125 0.8419958421875 0.6085858578125001 0.81912681875 0.6363636359375 0.821205821875 0.6767676765624999 0.8607068609375 0.6666666671875
2 0.6008316015624999 0.722222221875 0.6237006234375 0.7297979796875 0.6486486484375 0.724747475 0.6673596671875 0.7323232328125 0.771309771875 0.7348484843749999 0.7858627859375 0.7196969703125 0.771309771875 0.7070707078125 0.3762993765625 0.696969696875 0.359667359375 0.696969696875 0.340956340625 0.7020202015625 0.34303534375 0.724747475 0.5446985453125001 0.7297979796875 0.6008316015624999 0.722222221875
2 0.9979209984375 0.7424242421875 0.9979209984375 0.7146464640625 0.8898128890624999 0.7171717171875 0.8419958421875 0.709595959375 0.8295218296875 0.709595959375 0.8149688156250001 0.7121212124999999 0.8149688156250001 0.7323232328125 0.821205821875 0.7373737375 0.9979209984375 0.7424242421875
2 0 0.722222221875 0.3076923078125 0.724747475 0.3118503125 0.7070707078125 0.303534303125 0.6944444437499999 0.10395010468749999 0.6919191921875 0.09313929374999999 0.6919191921875 0 0.6944444437499999 0 0.722222221875
0 0.8711018718749999 0.6666666671875 0.864864865625 0.6666666671875 0.8544698546875 0.7070707078125 0.9085239078124999 0.709595959375 0.8898128890624999 0.6767676765624999 0.8711018718749999 0.6666666671875