2 0.22021660625 0.5790697671875 0.22833935 0.5674418609375 0.2355595671875 0.5674418609375 0.2454873640625 0.5790697671875 0.4079422375 0.5860465109375 0.42689530624999994 0.59302325625 0.43231046875 0.5790697671875 0.427797834375 0.560465115625 0.3185920578125 0.553488371875 0.2247292421875 0.558139534375 0.1435018046875 0.548837209375 0.142599278125 0.548837209375 0.137184115625 0.558139534375 0.1389891703125 0.5720930234375 0.156137184375 0.5790697671875 0.22021660625 0.5790697671875
2 0.489169675 0.59302325625 0.580324909375 0.6046511625 0.6064981953124999 0.6 0.610108303125 0.60697674375 0.623646209375 0.609302325 0.6435018046875001 0.60697674375 0.6444043328125 0.5976744187499999 0.637184115625 0.5860465109375 0.5812274375 0.5744186046875 0.452166065625 0.5627906984375 0.449458484375 0.5627906984375 0.44133574062500003 0.5720930234375 0.4404332125 0.5813953484375001 0.4503610109375 0.5976744187499999 0.489169675 0.59302325625
2 0.8212996390624999 0.6116279062500001 0.7472924187500001 0.5953488375 0.6588447656249999 0.58837209375 0.6579422375 0.5860465109375 0.6471119140625 0.5953488375 0.648014440625 0.6139534890625 0.8267148015625001 0.6302325578125 0.8212996390624999 0.6116279062500001
2 0.9837545125 0.6627906984374999 0.9810469312500001 0.6465116281250001 0.9747292421875 0.641860465625 0.849277978125 0.6162790703125001 0.8443140796874999 0.6162790703125001 0.8375451265624999 0.6186046515625 0.835740071875 0.6372093015625 0.97021660625 0.6651162796875 0.9837545125 0.6627906984374999
2 0.0487364625 0.5790697671875 0.1146209390625 0.5790697671875 0.1254512640625 0.5744186046875 0.1299638984375 0.560465115625 0.1173285203125 0.548837209375 0.1119133578125 0.548837209375 0.05144404375 0.5511627906250001 0.045126353125000004 0.555813953125 0.0442238265625 0.5674418609375 0.0487364625 0.5790697671875
2 0 0.5744186046875 0.030685920312499997 0.5767441859375 0.03519855625 0.5627906984375 0.031588446874999995 0.553488371875 0.0153429609375 0.5511627906250001 0.0102283390625 0.5511627906250001 0 0.5511627906250001 0 0.5744186046875
0 0.115523465625 0.16046511562500002 0.115523465625 0.14186046562500002 0.10830324843750001 0.1302325578125 0.10288808593750001 0.1302325578125 0.091155234375 0.1627906984375 0.0920577625 0.17674418593750002 0.1064981953125 0.1813953484375 0.115523465625 0.16046511562500002
0 0.1732851984375 0.1627906984375 0.17779783437500002 0.151162790625 0.1796028875 0.1279069765625 0.1759927796875 0.11162790625 0.16606498125 0.0953488375 0.164259928125 0.0953488375 0.161552346875 0.1 0.1597472921875 0.144186046875 0.16606498125 0.16046511562500002 0.1732851984375 0.1627906984375
0 0.28249097500000003 0.08837209375 0.29602888125 0.0674418609375 0.2987364625 0.030232557812499998 0.2942238265625 0.0139534890625 0.287003609375 0.0139534890625 0.28249097500000003 0.016279070312499998 0.27436823125 0.041860465624999996 0.2707581234375 0.08837209375 0.28249097500000003 0.08837209375
0 0.3880866421875 0.090697675 0.3944043328125 0.0697674421875 0.40072202187499995 0.0627906984375 0.4025270765625 0.039534884375 0.398014440625 0.025581395312499998 0.3944043328125 0.025581395312499998 0.3808664265625 0.048837209375 0.3799638984375 0.0790697671875 0.38447653437499996 0.090697675 0.3880866421875 0.090697675
0 0.3962093859375 0.5302325578125 0.4079422375 0.50232558125 0.4079422375 0.46046511562500003 0.4052346578125 0.46046511562500003 0.3880866421875 0.48139534843750004 0.38537906093749996 0.51162790625 0.3880866421875 0.5279069765625 0.3962093859375 0.5302325578125
0 0.27978339375 0.70232558125 0.27978339375 0.6860465109375 0.27436823125 0.6627906984374999 0.26444043281249996 0.641860465625 0.26173285156250004 0.641860465625 0.26083032500000003 0.690697675 0.2662454875 0.709302325 0.27436823125 0.7139534890625 0.27978339375 0.70232558125
0 0.58393501875 0.658139534375 0.5830324906250001 0.6348837203125 0.5794223828125 0.6255813953125 0.572202165625 0.6255813953125 0.56227436875 0.660465115625 0.5703971125 0.6930232562499999 0.575812275 0.6930232562499999 0.58393501875 0.658139534375
0 0.685920578125 0.4860465109375 0.68231046875 0.45116279062500003 0.6768953062499999 0.45116279062500003 0.6687725625 0.4651162796875 0.67148014375 0.5162790703125 0.675090253125 0.5162790703125 0.685920578125 0.4860465109375
0 0.6922382671875 0.4255813953125 0.7111913359375001 0.40930232499999997 0.7003610109375 0.3744186046875 0.695848375 0.3744186046875 0.6868231046875 0.3744186046875 0.68231046875 0.38837209375000004 0.6850180499999999 0.40697674375000004 0.6922382671875 0.4255813953125
0 0.575812275 0.144186046875 0.580324909375 0.1139534890625 0.572202165625 0.0860465109375 0.569494584375 0.0860465109375 0.5631768953125 0.1 0.5604693140625 0.1209302328125 0.5658844765625 0.139534884375 0.575812275 0.144186046875
0 0.6064981953124999 0.0720930234375 0.599277978125 0.051162790624999996 0.5875451265625 0.0348837203125 0.5830324906250001 0.0348837203125 0.5830324906250001 0.058139534375 0.5947653421875 0.09767441875 0.5956678703125 0.1232558140625 0.6064981953124999 0.0720930234375
0 0.814079421875 0.458139534375 0.8095667875 0.4348837203125 0.7933213 0.40697674375000004 0.79061371875 0.40697674375000004 0.792418771875 0.46046511562500003 0.8005415156250001 0.4767441859375 0.8113718406249999 0.4697674421875 0.814079421875 0.458139534375
0 0.9079422375 0.4348837203125 0.9097472921875 0.4279069765625 0.911552346875 0.39767441875 0.908844765625 0.39302325625 0.900722021875 0.39302325625 0.895306859375 0.40697674375000004 0.895306859375 0.4255813953125 0.900722021875 0.43720930156250004 0.9079422375 0.4348837203125
0 0.8826714796875 0.5627906984375 0.8799638984374999 0.5627906984375 0.8691335734375001 0.5860465109375 0.8673285203125 0.6162790703125001 0.884476534375 0.6162790703125001 0.8826714796875 0.5627906984375
0 0.9323104687500001 0.746511628125 0.935920578125 0.7 0.9268953062499999 0.6767441859375001 0.9223826718750001 0.6767441859375001 0.9178700359375 0.6930232562499999 0.9187725625000001 0.7139534890625 0.927797834375 0.746511628125 0.9323104687500001 0.746511628125
0 0.8564981953125 0.3139534890625 0.865523465625 0.29302325625000003 0.8610108296875 0.251162790625 0.8574007218749999 0.24418604687499998 0.8564981953125 0.24418604687499998 0.849277978125 0.2651162796875 0.8474729234374999 0.28139534843749997 0.8483754515624999 0.2953488375 0.8564981953125 0.3139534890625
0 0.8203971125 0.28139534843749997 0.8321299640625 0.2674418609375 0.8339350187499999 0.25813953437500003 0.8339350187499999 0.2372093015625 0.830324909375 0.22093023281250002 0.8267148015625001 0.22093023281250002 0.819494584375 0.2279069765625 0.8158844765625 0.241860465625 0.8167870031250001 0.2674418609375 0.8203971125 0.28139534843749997
0 0.8889891703125 0.21395348906249997 0.8925992781250001 0.1953488375 0.8907942234374999 0.16046511562500002 0.8826714796875 0.16046511562500002 0.8745487359374999 0.17441860468749998 0.8745487359374999 0.18837209375 0.8835740078125 0.21860465156250003 0.8889891703125 0.21395348906249997
0 0.9503610109375 0.28372092968749996 0.9548736468750001 0.27209302343749997 0.9521660656250001 0.246511628125 0.9404332125 0.2325581390625 0.9386281593750001 0.2325581390625 0.93501805 0.23953488437499998 0.93501805 0.253488371875 0.941335740625 0.2744186046875 0.9503610109375 0.28372092968749996
0 0.9648014437500001 0.27209302343749997 0.9711191328125001 0.24418604687499998 0.9638989171875 0.20232558125 0.9611913359375001 0.20232558125 0.9548736468750001 0.2232558140625 0.95397111875 0.24883720937499998 0.9602888093749999 0.2697674421875 0.9648014437500001 0.27209302343749997
3 0.01895306875 0.548837209375 0.031588446874999995 0.548837209375 0.0388086640625 0.5627906984375 0.03519855625 0.5674418609375 0.0388086640625 0.5720930234375 0.032490975 0.5790697671875 0.0171480140625 0.5790697671875 0.0153429609375 0.59302325625 0.0207581234375 0.6372093015625 0.04061371875 0.6837209296875 0.062274368749999996 0.6790697671875 0.075812275 0.6627906984374999 0.093862815625 0.6139534890625 0.0947653421875 0.5860465109375 0.091155234375 0.5790697671875 0.0442238265625 0.5790697671875 0.042418771875 0.555813953125 0.047833934375 0.546511628125 0.08935018125000001 0.5441860468749999 0.091155234375 0.5279069765625 0.069494584375 0.46744186093750006 0.06498195 0.46744186093750006 0.039711190625 0.4767441859375 0.02436823125 0.5046511625 0.0162454875 0.539534884375 0.01895306875 0.548837209375
3 0.09837545156250001 0.546511628125 0.1200361015625 0.5441860468749999 0.1254512640625 0.5651162796875 0.123646209375 0.5790697671875 0.099277978125 0.5790697671875 0.0974729234375 0.5860465109375 0.09657039687499999 0.7 0.1010830328125 0.746511628125 0.0974729234375 0.760465115625 0.099277978125 0.7697674421875 0.11642599218750001 0.7697674421875 0.1227436828125 0.7627906984374999 0.123646209375 0.7697674421875 0.1416967515625 0.7767441859375 0.20036101093749997 0.7767441859375 0.19584837500000002 0.58837209375 0.19223826718749998 0.5790697671875 0.1416967515625 0.5790697671875 0.1389891703125 0.5697674421875 0.1407942234375 0.546511628125 0.19314079374999998 0.546511628125 0.19223826718749998 0.5348837203125 0.1949458484375 0.5279069765625 0.19223826718749998 0.5139534890624999 0.19675090312500002 0.44186046562500003 0.185920578125 0.43255813906249996 0.185920578125 0.40697674375000004 0.1732851984375 0.4046511625 0.174187725 0.3953488375 0.169675090625 0.39302325625 0.16606498125 0.39302325625 0.10469314062499999 0.4 0.0947653421875 0.40930232499999997 0.099277978125 0.4302325578125 0.09837545156250001 0.546511628125
3 0.22563176875000002 0.6860465109375 0.25180505468750003 0.6860465109375 0.2590252703125 0.6767441859375001 0.25812274375 0.658139534375 0.26173285156250004 0.639534884375 0.2725631765625 0.651162790625 0.2861010828125 0.6139534890625 0.2861010828125 0.5953488375 0.27978339375 0.5837209296875 0.23465703906250002 0.5790697671875 0.2301444046875 0.5790697671875 0.199458484375 0.5813953484375001 0.19584837500000002 0.58837209375 0.202166065625 0.648837209375 0.22563176875000002 0.6860465109375
3 0.239169675 0.5511627906250001 0.2445848375 0.541860465625 0.2445848375 0.5325581390624999 0.23465703906250002 0.5162790703125 0.2328519859375 0.50232558125 0.2220216609375 0.4860465109375 0.22021660625 0.48139534843750004 0.20667870000000002 0.509302325 0.199458484375 0.5325581390624999 0.19855595625 0.546511628125 0.239169675 0.5511627906250001
3 0.25180505468750003 0.5302325578125 0.25812274375 0.5302325578125 0.2590252703125 0.5372093015625 0.26444043281249996 0.5255813953125 0.26985559531250003 0.5255813953125 0.2653429609375 0.5325581390624999 0.27166065 0.5372093015625 0.2725631765625 0.546511628125 0.2779783390625 0.5441860468749999 0.2761732859375 0.5139534890624999 0.25812274375 0.4697674421875 0.25180505468750003 0.4651162796875 0.24729241875 0.4651162796875 0.2319494578125 0.4697674421875 0.23465703906250002 0.4953488375 0.2490974734375 0.5139534890624999 0.25180505468750003 0.5302325578125
3 0.4314079421875 0.5627906984375 0.4314079421875 0.5813953484375001 0.4259927796875 0.59302325625 0.39350180468749996 0.5953488375 0.3998194953125 0.651162790625 0.419675090625 0.7 0.42509025312500004 0.7046511625 0.44314079375000004 0.70232558125 0.45938628125000003 0.68837209375 0.4819494578125 0.6372093015625 0.4837545125 0.6232558140625 0.4819494578125 0.6 0.4476534296875 0.5953488375 0.4422382671875 0.5860465109375 0.44494584843749996 0.560465115625 0.48014440468749997 0.555813953125 0.46660649843749996 0.50697674375 0.45126353750000003 0.4790697671875 0.445848375 0.4767441859375 0.44133574062500003 0.4767441859375 0.4151624546875 0.49302325625 0.392599278125 0.5511627906250001 0.395306859375 0.558139534375 0.4314079421875 0.5627906984375
3 0.5902527078124999 0.6116279062500001 0.5902527078124999 0.6232558140625 0.593862815625 0.660465115625 0.601985559375 0.6837209296875 0.6173285203125001 0.7162790703125 0.6281588453125 0.7232558140625 0.6543321296875 0.7069767437500001 0.664259928125 0.6860465109375 0.6768953062499999 0.641860465625 0.6768953062499999 0.6255813953125 0.674187725 0.6186046515625 0.642599278125 0.609302325 0.642599278125 0.6046511625 0.639891696875 0.6116279062500001 0.6028880859375 0.6139534890625 0.5956678703125 0.60697674375 0.5902527078124999 0.6116279062500001
3 0.626353790625 0.5767441859375 0.639891696875 0.5837209296875 0.6416967515625001 0.590697675 0.6498194953125 0.590697675 0.653429603125 0.5813953484375001 0.672382671875 0.5837209296875 0.669675090625 0.548837209375 0.6651624546875 0.5348837203125 0.650722021875 0.50232558125 0.6389891703125 0.49302325625 0.6380866421875 0.49302325625 0.6064981953124999 0.5139534890624999 0.5974729234375 0.539534884375 0.5911552343750001 0.5744186046875 0.626353790625 0.5767441859375
3 0.822202165625 0.60697674375 0.8276173281249999 0.6186046515625 0.824909746875 0.6325581390624999 0.819494584375 0.6372093015625 0.7725631765625 0.6372093015625 0.77436823125 0.6697674421875 0.7788808671874999 0.690697675 0.7897111906250001 0.7232558140625 0.8023465703125 0.746511628125 0.8294223828125 0.7348837203125 0.838447653125 0.7209302328125 0.8429602890625001 0.6953488375 0.8501805046875001 0.6790697671875 0.849277978125 0.648837209375 0.8456678703125 0.641860465625 0.835740071875 0.641860465625 0.8321299640625 0.6186046515625 0.8375451265624999 0.60697674375 0.841155234375 0.6139534890625 0.8456678703125 0.6116279062500001 0.8429602890625001 0.5813953484375001 0.8240072203125001 0.5325581390624999 0.8188176890625 0.5325581390624999 0.7942238265625 0.539534884375 0.7734657046875 0.590697675 0.7752707578125 0.6 0.822202165625 0.60697674375
3 0.9837545125 0.6697674421875 0.9368231046875 0.6627906984374999 0.935920578125 0.7046511625 0.957581228125 0.7674418609375 0.9828519859375 0.7627906984374999 0.9990974734375 0.7255813953125 0.9990974734375 0.70232558125 0.9963898921875 0.7 0.9990974734375 0.6930232562499999 0.9990974734375 0.6767441859375001 0.9954873640624999 0.6767441859375001 0.9936823109375 0.6651162796875 0.9936823109375 0.6837209296875 0.9900722015625 0.68837209375 0.9837545125 0.6697674421875
3 0.9792418765625 0.639534884375 0.9990974734375 0.6255813953125 0.9990974734375 0.609302325 0.9936823109375 0.60232558125 0.9873646203125 0.5767441859375 0.9774368234375 0.5627906984375 0.9711191328125001 0.5627906984375 0.9521660656250001 0.5720930234375 0.941335740625 0.6 0.9368231046875 0.6279069765624999 0.9792418765625 0.639534884375