3 0.35606060624999997 0.324110671875 0.4053030296875 0.3478260875 0.38257575781250003 0.379446640625 0.24621212187500002 0.383399209375 0.2613636359375 0.46640316249999997 0.3143939390625 0.5256917 0.3636363640625 0.5533596843749999 0.39393939375000003 0.5375494078124999 0.48863636406250005 0.5533596843749999 0.5378787875000001 0.5415019765625 0.625 0.43873517812499996 0.625 0.4031620546875 0.60606060625 0.375494071875 0.446969696875 0.3715415015625 0.4393939390625 0.3399209484375 0.450757575 0.324110671875 0.60606060625 0.324110671875 0.5833333328125 0.2569169953125 0.48863636406250005 0.1778656125 0.4678030296875 0.1778656125 0.34090909062499997 0.205533596875 0.2878787875 0.24901185781250001 0.2386363640625 0.320158103125 0.35606060624999997 0.324110671875
0 0.2272727265625 0.1620553359375 0.24621212187500002 0.1581027671875 0.25 0.1304347828125 0.2916666671875 0.086956521875 0.2878787875 0.051383398437500005 0.26893939375000003 0.027667984375 0.24621212187500002 0.027667984375 0.20833333281250002 0.05533596875 0.1893939390625 0.09486165937499999 0.19696969687500002 0.1264822140625 0.2272727265625 0.1620553359375
0 0.2121212125 0.2806324109375 0.2272727265625 0.264822134375 0.23106060624999997 0.21343873593749998 0.21969697031250002 0.1936758890625 0.1553030296875 0.154150196875 0.140151515625 0.154150196875 0.121212121875 0.1778656125 0.128787878125 0.23715415 0.1856060609375 0.2806324109375 0.2121212125 0.2806324109375
0 0.5606060609375 0.1067193671875 0.5340909093749999 0.07509881406249999 0.5 0.0592885375 0.48863636406250005 0.0592885375 0.44318181875 0.090909090625 0.4393939390625 0.1264822140625 0.549242425 0.169960475 0.5606060609375 0.1067193671875
0 0.6893939390625 0.26877470312499996 0.6893939390625 0.2213438734375 0.6174242421875 0.1581027671875 0.60606060625 0.1581027671875 0.6022727265625 0.24110671875 0.628787878125 0.27667984218749997 0.6704545453125 0.28853755 0.6893939390625 0.26877470312499996
0 0.7575757578125 0.24901185781250001 0.7803030296875 0.1976284578125 0.76893939375 0.1620553359375 0.7386363640625 0.13438735156249998 0.7272727265625 0.13438735156249998 0.7083333328125 0.15019762812499998 0.700757575 0.1897233203125 0.7272727265625 0.26877470312499996 0.7575757578125 0.24901185781250001
0 0.8106060609375 0.1976284578125 0.878787878125 0.1976284578125 0.890151515625 0.1778656125 0.8636363640625 0.1264822140625 0.8484848484375 0.1027667984375 0.8106060609375 0.090909090625 0.7878787875000001 0.090909090625 0.76893939375 0.1106719375 0.76893939375 0.1304347828125 0.7954545453125 0.1857707515625 0.8106060609375 0.1976284578125
0 0.7083333328125 0.58893280625 0.75 0.5849802375 0.7878787875000001 0.5533596843749999 0.81818181875 0.505928853125 0.8143939390625 0.4743083 0.7954545453125 0.4743083 0.7234848484375 0.494071146875 0.6931818187500001 0.5256917 0.6818181812499999 0.561264821875 0.7083333328125 0.58893280625
0 0.7348484843749999 0.731225296875 0.7727272734375 0.6996047437499999 0.7651515156250001 0.6600790515625 0.746212121875 0.6363636359375 0.7045454546875 0.620553359375 0.674242425 0.620553359375 0.6553030296875 0.6363636359375 0.6590909093749999 0.6877470359375 0.696969696875 0.7272727265625 0.7348484843749999 0.731225296875
0 0.15909090937499998 0.64031620625 0.1628787875 0.5691699609375 0.128787878125 0.52964426875 0.10606060625 0.52964426875 0.0871212125 0.557312253125 0.0871212125 0.6245059281249999 0.1363636359375 0.675889328125 0.15909090937499998 0.64031620625
0 0.1325757578125 0.794466403125 0.14393939375 0.76679841875 0.1174242421875 0.7470355734374999 0.1136363640625 0.71146245 0.0643939390625 0.675889328125 0.0454545453125 0.675889328125 0.01893939375 0.71146245 0.0227272734375 0.75889328125 0.0643939390625 0.8023715421875 0.1325757578125 0.794466403125
0 0.2765151515625 0.9249011859375 0.3446969703125 0.9249011859375 0.375 0.88537549375 0.3863636359375 0.82608695625 0.35227272656249997 0.790513834375 0.3446969703125 0.790513834375 0.299242425 0.8142292484375 0.2803030296875 0.8418972328125 0.26893939375000003 0.8893280625 0.2765151515625 0.9249011859375
0 0.7159090906250001 0.41106719375 0.7424242421875 0.3913043484375 0.746212121875 0.3715415015625 0.7196969703125 0.3715415015625 0.674242425 0.375494071875 0.674242425 0.387351778125 0.6893939390625 0.407114625 0.7159090906250001 0.41106719375
0 0.7083333328125 0.2806324109375 0.6856060609375 0.324110671875 0.75 0.324110671875 0.7159090906250001 0.2806324109375 0.7083333328125 0.2806324109375
0 0.4696969703125 0.46640316249999997 0.4734848484375 0.4743083 0.51893939375 0.5335968375 0.5265151515625 0.5375494078124999 0.5416666671875 0.5375494078124999 0.549242425 0.52964426875 0.549242425 0.505928853125 0.5454545453125 0.501976284375 0.5454545453125 0.47035573125 0.5340909093749999 0.4584980234375 0.5303030296875 0.4584980234375 0.51893939375 0.446640315625 0.5151515156250001 0.446640315625 0.5075757578125 0.43873517812499996 0.5075757578125 0.434782609375 0.5 0.434782609375 0.496212121875 0.4308300390625 0.48863636406250005 0.4308300390625 0.48484848437499994 0.434782609375 0.47727272656249997 0.434782609375 0.4696969703125 0.442687746875 0.4696969703125 0.46640316249999997
0 0.26893939375000003 0.446640315625 0.2803030296875 0.4584980234375 0.2803030296875 0.46245059218750006 0.2878787875 0.46640316249999997 0.2916666671875 0.46245059218750006 0.303030303125 0.4782608703125 0.321969696875 0.4822134390625 0.3446969703125 0.494071146875 0.359848484375 0.49011857656249996 0.36742424218749997 0.4782608703125 0.36742424218749997 0.47035573125 0.35606060624999997 0.46245059218750006 0.35606060624999997 0.45454545468749996 0.3484848484375 0.446640315625 0.3484848484375 0.43873517812499996 0.34090909062499997 0.4308300390625 0.34090909062499997 0.4229249015625 0.3333333328125 0.407114625 0.32954545468749996 0.407114625 0.325757575 0.3992094859375 0.31818181874999996 0.3952569171875 0.297348484375 0.3952569171875 0.2765151515625 0.3952569171875 0.265151515625 0.407114625 0.265151515625 0.43873517812499996 0.26893939375000003 0.446640315625
0 0.4583333328125 0.26877470312499996 0.4696969703125 0.26877470312499996 0.4734848484375 0.27272727343750003 0.4734848484375 0.2806324109375 0.48484848437499994 0.29249011875 0.5151515156250001 0.28853755 0.5227272734375 0.2806324109375 0.5378787875000001 0.27667984218749997 0.553030303125 0.264822134375 0.549242425 0.2529644265625 0.5416666671875 0.24901185781250001 0.5227272734375 0.22924901250000002 0.5 0.22529644218749997 0.48863636406250005 0.2173913046875 0.48484848437499994 0.2213438734375 0.450757575 0.2213438734375 0.446969696875 0.2173913046875 0.4393939390625 0.2173913046875 0.428030303125 0.22529644218749997 0.428030303125 0.23320158124999998 0.45454545468749996 0.260869565625 0.4583333328125 0.26877470312499996
0 0.30681818125000004 0.264822134375 0.299242425 0.27272727343750003 0.2916666671875 0.29249011875 0.28409090937500003 0.30039525624999996 0.28409090937500003 0.316205534375 0.2803030296875 0.320158103125 0.28409090937500003 0.324110671875 0.325757575 0.324110671875 0.3446969703125 0.3083003953125 0.35227272656249997 0.3083003953125 0.3636363640625 0.2964426875 0.375 0.29249011875 0.375 0.28853755 0.38257575781250003 0.2845849796875 0.38257575781250003 0.2806324109375 0.39772727343750003 0.26877470312499996 0.39772727343750003 0.24901185781250001 0.39393939375000003 0.24110671875 0.371212121875 0.22924901250000002 0.35606060624999997 0.22924901250000002 0.35227272656249997 0.23320158124999998 0.325757575 0.23320158124999998 0.30681818125000004 0.2529644265625 0.30681818125000004 0.264822134375
0 0.409090909375 0.6007905140625 0.4053030296875 0.6047430828125 0.409090909375 0.6086956515625 0.4053030296875 0.612648221875 0.4053030296875 0.6284584984375 0.4015151515625 0.6324110671875001 0.4053030296875 0.6363636359375 0.4015151515625 0.64031620625 0.4053030296875 0.644268775 0.4015151515625 0.64822134375 0.4053030296875 0.6521739125 0.4166666671875 0.6521739125 0.42045454531250004 0.6561264828125 0.43181818125 0.6561264828125 0.4356060609375 0.6600790515625 0.44318181875 0.6600790515625 0.446969696875 0.6561264828125 0.46212121249999993 0.6561264828125 0.47727272656249997 0.644268775 0.48106060624999997 0.644268775 0.48484848437499994 0.6363636359375 0.5113636359375 0.6086956515625 0.5113636359375 0.592885375 0.5075757578125 0.5849802375 0.48484848437499994 0.561264821875 0.48484848437499994 0.557312253125 0.47727272656249997 0.557312253125 0.4734848484375 0.5533596843749999 0.446969696875 0.5533596843749999 0.43181818125 0.565217390625 0.428030303125 0.565217390625 0.409090909375 0.592885375 0.409090909375 0.6007905140625
0 0.3636363640625 0.557312253125 0.34090909062499997 0.5691699609375 0.325757575 0.5968379453125 0.32954545468749996 0.612648221875 0.34090909062499997 0.6245059281249999 0.3636363640625 0.6324110671875001 0.371212121875 0.64031620625 0.375 0.64031620625 0.38257575781250003 0.6521739125 0.39772727343750003 0.6521739125 0.4015151515625 0.64822134375 0.39772727343750003 0.644268775 0.4015151515625 0.64031620625 0.4015151515625 0.6324110671875001 0.409090909375 0.6245059281249999 0.4053030296875 0.620553359375 0.409090909375 0.616600790625 0.409090909375 0.5731225296875 0.41287878750000007 0.5691699609375 0.41287878750000007 0.5494071140625 0.409090909375 0.5454545453125 0.39393939375000003 0.5454545453125 0.390151515625 0.5494071140625 0.38257575781250003 0.5494071140625 0.371212121875 0.557312253125 0.3636363640625 0.557312253125
2 0.4015151515625 0.355731225 0.3863636359375 0.33596837968750004 0.27272727343750003 0.32806324062500003 0.250757575 0.32806324062500003 0.0075757578125 0.3320158109375 0 0.379446640625 0.375 0.379446640625 0.4015151515625 0.355731225
2 0.450757575 0.3715415015625 0.496212121875 0.375494071875 0.5643939390625 0.3636363640625 0.996212121875 0.3715415015625 0.996212121875 0.324110671875 0.7575757578125 0.324110671875 0.7234848484375 0.33596837968750004 0.6590909093749999 0.324110671875 0.6401515156250001 0.324110671875 0.5833333328125 0.33596837968750004 0.450757575 0.32806324062500003 0.44318181875 0.3478260875 0.450757575 0.3715415015625