3 0.10967741875 0.6666666671875 0.156989246875 0.6520146515625 0.1806451609375 0.6300366296875 0.21720430156249998 0.54945055 0.2107526875 0.5018315015625 0.1806451609375 0.5018315015625 0.1763440859375 0.5384615390625 0.156989246875 0.49084249062499996 0.150537634375 0.5164835171875 0.148387096875 0.49084249062499996 0.053763440625000006 0.48351648281250004 0.0344086015625 0.48351648281250004 0.0344086015625 0.5201465203125 0.045161290625 0.5677655671874999 0.0752688171875 0.6263736265625 0.10967741875 0.6666666671875
3 0.10967741875 0.44322344375 0.154838709375 0.43956043906250003 0.156989246875 0.4542124546875 0.161290321875 0.43956043906250003 0.17204301093750002 0.45054945 0.204301075 0.45054945 0.20215053749999998 0.40659340625 0.17419354843749998 0.34432234375 0.150537634375 0.322344321875 0.1365591390625 0.322344321875 0.09462365625 0.3296703296875 0.0709677421875 0.3479853484375 0.0322580640625 0.42490842500000003 0.10967741875 0.44322344375
3 0.47741935468749996 0.6996336999999999 0.5354838703125 0.6849816843750001 0.5655913984375001 0.6446886453125 0.5763440859375 0.6007326 0.5741935484375 0.55677655625 0.5634408609375 0.5677655671874999 0.5677419359375 0.5787545781250001 0.5612903218749999 0.597069596875 0.5376344093750001 0.6263736265625 0.5290322578125 0.615384615625 0.5333333328125 0.597069596875 0.5204301078125 0.5897435890625 0.5354838703125 0.5824175828125 0.5139784953125 0.575091575 0.5161290328125 0.5641025640625 0.5333333328125 0.5677655671874999 0.5333333328125 0.5421245421875 0.50967741875 0.5457875453125001 0.46666666718750005 0.53113553125 0.455913978125 0.53113553125 0.4236559140625 0.53113553125 0.4215053765625 0.5677655671874999 0.4365591390625 0.6300366296875 0.47741935468749996 0.6996336999999999
3 0.50967741875 0.4871794875 0.5139784953125 0.472527471875 0.539784946875 0.46520146562500003 0.5419354843749999 0.4798534796875 0.5612903218749999 0.4798534796875 0.5677419359375 0.4542124546875 0.5419354843749999 0.40293040312499995 0.5290322578125 0.3956043953125 0.5268817203125 0.3772893765625 0.5182795703124999 0.3736263734375 0.51182795625 0.3736263734375 0.455913978125 0.3956043953125 0.4236559140625 0.4615384609375 0.4236559140625 0.4761904765625 0.50967741875 0.4871794875
3 0.79139785 0.7362637359375 0.8301075265625 0.7326007328124999 0.8494623656250001 0.7106227109375001 0.860215053125 0.7362637359375 0.8688172046875 0.721611721875 0.8623655906250001 0.6849816843750001 0.8709677421875 0.6739926734374999 0.8817204296875 0.6117216125 0.8709677421875 0.5934065937499999 0.7784946234375 0.5787545781250001 0.76702580625 0.5787545781250001 0.7440860218750001 0.5787545781250001 0.750537634375 0.641025640625 0.7698924734375 0.6996336999999999 0.79139785 0.7362637359375
3 0.7956989250000001 0.5421245421875 0.840860215625 0.5457875453125001 0.8709677421875 0.5604395609374999 0.8774193546875001 0.575091575 0.8795698921874999 0.54945055 0.8731182796875 0.5421245421875 0.8709677421875 0.509157509375 0.8516129031249999 0.46886446875 0.8215053765624999 0.43589743593749997 0.8129032265625 0.43589743593749997 0.7741935484375 0.4542124546875 0.746236559375 0.53113553125 0.7720430109375 0.527472528125 0.7956989250000001 0.5421245421875
3 0.59139785 0.46520146562500003 0.595698925 0.4542124546875 0.6021505375 0.46886446875 0.5806451609375001 0.4981684984375 0.7139784953125 0.527472528125 0.7204301078124999 0.553113553125 0.7161290328125001 0.5714285718750001 0.640860215625 0.5641025640625 0.6064516125 0.54945055 0.5784946234375 0.553113553125 0.5806451609375001 0.5897435890625 0.5720430109375 0.6483516484375 0.5741935484375 0.8424908421874999 0.5827956984375 0.8644688640625 0.6 0.8571428578125 0.6774193546875 0.875457875 0.7311827953125001 0.8717948718749999 0.7440860218750001 0.8827838828125 0.741935484375 0.6117216125 0.737634409375 0.575091575 0.7247311828125 0.55677655625 0.7290322578125 0.53113553125 0.737634409375 0.527472528125 0.7354838703125 0.428571428125 0.69462365625 0.43589743593749997 0.6258064515624999 0.472527471875 0.6172043015625001 0.4615384609375 0.6215053765625 0.45054945 0.6838709671875 0.4322344328125 0.7354838703125 0.40293040312499995 0.737634409375 0.3553113546875 0.71182795625 0.3333333328125 0.604301075 0.315018315625 0.59139785 0.315018315625 0.5634408609375 0.322344321875 0.5677419359375 0.4322344328125 0.5784946234375 0.46520146562500003 0.59139785 0.46520146562500003
0 0.1290322578125 0.1978021984375 0.12258064531249999 0.1794871796875 0.0817204296875 0.128205128125 0.0774193546875 0.128205128125 0.0817204296875 0.21611721562500003 0.09892473125 0.24175824218750003 0.1247311828125 0.22710622656249999 0.1290322578125 0.1978021984375
0 0.359139784375 0.1611721609375 0.3634408609375 0.12454212499999999 0.361290321875 0.10989010937499999 0.346236559375 0.10989010937499999 0.3354838703125 0.10989010937499999 0.3247311828125 0.15018315 0.3311827953125 0.16849816875 0.34838709687499997 0.1758241765625 0.359139784375 0.1611721609375
0 0.29892473124999996 0.45787545781250005 0.29892473124999996 0.3772893765625 0.29247311875 0.3699633703125 0.29032258125 0.3699633703125 0.262365590625 0.40659340625 0.255913978125 0.43589743593749997 0.260215053125 0.4615384609375 0.29892473124999996 0.45787545781250005
0 0.4193548390625 0.641025640625 0.4193548390625 0.5860805859375 0.39784946250000003 0.553113553125 0.38709677343750004 0.553113553125 0.3784946234375 0.5787545781250001 0.3827956984375 0.615384615625 0.4064516125 0.6666666671875 0.4193548390625 0.641025640625
0 0.45376344062499996 0.633699634375 0.458064515625 0.6373626375 0.46666666718750005 0.6373626375 0.4688172046875 0.641025640625 0.48172042968750006 0.641025640625 0.4860215046875 0.6373626375 0.48817204375 0.633699634375 0.48817204375 0.6227106234375 0.48172042968750006 0.6080586078125 0.48172042968750006 0.6043956046875001 0.47526881718749997 0.597069596875 0.4709677421875 0.5824175828125 0.4688172046875 0.5824175828125 0.458064515625 0.5641025640625 0.45376344062499996 0.5641025640625 0.451612903125 0.5604395609374999 0.447311828125 0.5604395609374999 0.440860215625 0.575091575 0.440860215625 0.597069596875 0.451612903125 0.6117216125 0.45376344062499996 0.633699634375
0 0.7698924734375 0.3479853484375 0.7720430109375 0.3516483515625 0.7720430109375 0.358974359375 0.7763440859374999 0.3736263734375 0.7827956984375 0.3882783875 0.7956989250000001 0.3992674 0.8021505375 0.3956043953125 0.8107526875 0.38095238125 0.8107526875 0.366300365625 0.8064516125000001 0.358974359375 0.804301075 0.3479853484375 0.7956989250000001 0.3333333328125 0.7827956984375 0.3260073265625 0.7806451609375 0.31868131875 0.7741935484375 0.3113553109375 0.7698924734375 0.3113553109375 0.7698924734375 0.31868131875 0.7677419359375001 0.322344321875 0.7698924734375 0.3260073265625 0.7698924734375 0.3479853484375
0 0.9290322578125 0.24542124531249998 0.9268817203124999 0.2490842484375 0.9268817203124999 0.26007325937500003 0.9290322578125 0.2637362640625 0.9290322578125 0.278388278125 0.9333333328125001 0.29304029374999996 0.9397849468749999 0.3040293046875 0.9483870968750001 0.3040293046875 0.9505376343749999 0.29670329687499997 0.9548387093749999 0.29304029374999996 0.956989246875 0.278388278125 0.959139784375 0.274725275 0.956989246875 0.27106227031249996 0.956989246875 0.25641025625 0.9548387093749999 0.252747253125 0.9548387093749999 0.24542124531249998 0.9483870968750001 0.22710622656249999 0.9483870968750001 0.208791209375 0.9462365593750001 0.20512820468749998 0.937634409375 0.20512820468749998 0.9333333328125001 0.21245421250000002 0.9333333328125001 0.22344322343749998 0.9311827953125 0.22710622656249999 0.9290322578125 0.24542124531249998
0 0.8774193546875001 0.509157509375 0.8795698921874999 0.5128205125 0.8795698921874999 0.5201465203125 0.8838709671875 0.527472528125 0.8838709671875 0.53113553125 0.89462365625 0.5457875453125001 0.89677419375 0.5421245421875 0.90107526875 0.5421245421875 0.9075268812499999 0.527472528125 0.9075268812499999 0.509157509375 0.90967741875 0.50549450625 0.90967741875 0.4871794875 0.9075268812499999 0.48351648281250004 0.9075268812499999 0.46520146562500003 0.90967741875 0.4615384609375 0.90967741875 0.4542124546875 0.9075268812499999 0.45054945 0.8924731187500001 0.45054945 0.8817204296875 0.46520146562500003 0.8752688171875 0.49084249062499996 0.8774193546875001 0.49450549375 0.8774193546875001 0.509157509375
0 0.860215053125 0.677655678125 0.855913978125 0.6923076921875 0.858064515625 0.6996336999999999 0.8516129031249999 0.7106227109375001 0.8516129031249999 0.7179487171875001 0.855913978125 0.7289377296875 0.855913978125 0.7362637359375 0.8623655906250001 0.7362637359375 0.8795698921874999 0.7106227109375001 0.8795698921874999 0.703296703125 0.8817204296875 0.6996336999999999 0.8817204296875 0.6630036625 0.8774193546875001 0.6483516484375 0.8752688171875 0.6483516484375 0.8731182796875 0.6520146515625 0.8731182796875 0.6666666671875 0.8688172046875 0.6739926734374999 0.860215053125 0.677655678125
2 0.5311827953125 0.5347985343749999 0.5376344093750001 0.5201465203125 0.5247311828125001 0.5018315015625 0.47741935468749996 0.49084249062499996 0.20215053749999998 0.4542124546875 0.19139785 0.4542124546875 0.18279569843750001 0.4615384609375 0.18494623593749998 0.49450549375 0.50322580625 0.5347985343749999 0.5311827953125 0.5347985343749999
2 0 0.472527471875 0.10967741875 0.4871794875 0.146236559375 0.4871794875 0.152688171875 0.4761904765625 0.148387096875 0.45054945 0.045161290625 0.44322344375 0.0279569890625 0.4322344328125 0.0139784953125 0.4322344328125 0 0.4322344328125 0 0.472527471875
2 0.6537634406249999 0.54945055 0.7032258062500001 0.5604395609374999 0.70752688125 0.54945055 0.7032258062500001 0.53113553125 0.6881720437500001 0.5238095234375 0.655913978125 0.527472528125 0.6064516125 0.509157509375 0.59139785 0.509157509375 0.5655913984375001 0.5164835171875 0.5677419359375 0.5384615390625 0.638709678125 0.55677655625 0.6537634406249999 0.54945055
2 0.9935483875 0.5787545781250001 0.90967741875 0.5641025640625 0.9075268812499999 0.5604395609374999 0.88817204375 0.5641025640625 0.8795698921874999 0.5897435890625 0.9978494625 0.615384615625 0.9935483875 0.5787545781250001
2 0.804301075 0.5824175828125 0.855913978125 0.5787545781250001 0.8516129031249999 0.5604395609374999 0.7698924734375 0.5384615390625 0.7591397843750001 0.5384615390625 0.737634409375 0.5384615390625 0.7354838703125 0.55677655625 0.741935484375 0.5677655671874999 0.804301075 0.5824175828125