3 0.2428256078125 0.24482109218749998 0.2980132453125 0.284369115625 0.3200883 0.28813559375 0.3818984546875 0.278719396875 0.4083885203125 0.2655367234375 0.4481236203125 0.22033898281250003 0.4503311265625 0.1996233515625 0.44150110312499996 0.19397363437499998 0.3554083890625 0.1920903953125 0.34437086093749997 0.1977401125 0.3421633546875 0.1845574390625 0.33995585 0.1826742 0.3245033109375 0.1977401125 0.2980132453125 0.1883239171875 0.22295805781250003 0.19397363437499998 0.2428256078125 0.24482109218749998
3 0.328918321875 0.16195856875 0.33995585 0.17890772187499998 0.3532008828125 0.16195856875 0.4370860921875 0.16195856875 0.41942604843750003 0.13182674218749998 0.3598234 0.0941619578125 0.34437086093749997 0.0941619578125 0.2781456953125 0.10922787187500001 0.2516556296875 0.126177025 0.22295805781250003 0.1600753296875 0.328918321875 0.16195856875
3 0.783664459375 0.165725046875 0.7991169984375001 0.173258003125 0.8256070640625 0.169491525 0.8256070640625 0.20150659062499998 0.7571743921875 0.1977401125 0.708609271875 0.20338983124999999 0.728476821875 0.25423728749999996 0.7682119203125 0.282485875 0.7792494484375 0.2975517890625 0.8145695359375 0.3013182671875 0.8741721859375 0.2806026359375 0.92273730625 0.235404896875 0.9205298015625001 0.21280602656249997 0.9116997796874999 0.20338983124999999 0.856512140625 0.20150659062499998 0.8520971296875001 0.186440678125 0.8609271515625 0.173258003125 0.9028697578125 0.1751412421875 0.896247240625 0.14689265468749999 0.8675496687500001 0.137476459375 0.856512140625 0.1242937859375 0.8520971296875001 0.1242937859375 0.849889625 0.1393596984375 0.8366445921875 0.1525423734375 0.8057395140624999 0.1525423734375 0.783664459375 0.165725046875
0 0.17660044218749998 0.158192090625 0.1854304640625 0.1487758953125 0.1854304640625 0.1242937859375 0.1633554078125 0.0960451984375 0.158940396875 0.0960451984375 0.1456953640625 0.1242937859375 0.1456953640625 0.1393596984375 0.158940396875 0.16195856875 0.17660044218749998 0.158192090625
0 0.5540838859375 0.10357815468750001 0.5540838859375 0.0847457625 0.5430463578125 0.060263653125000004 0.538631346875 0.060263653125000004 0.516556290625 0.0866290015625 0.520971303125 0.1073446328125 0.5342163359375001 0.11864406718750001 0.5540838859375 0.10357815468750001
0 0.6070640171874999 0.07721280625 0.62030905 0.056497175 0.6158940390625001 0.024482109374999998 0.6092715234375 0.018832392187499998 0.6070640171874999 0.018832392187499998 0.58278145625 0.0470809796875 0.58278145625 0.0659133703125 0.593818984375 0.0790960453125 0.6070640171874999 0.07721280625
0 0.651214128125 0 0.64238410625 0.0094161953125 0.6401766 0.024482109374999998 0.6534216328125 0.03578154375 0.6865342156249999 0.016949153124999998 0.690949228125 0 0.67770419375 0 0.651214128125 0
0 0.6953642390625 0.0715630890625 0.7108167765625 0.0715630890625 0.726269315625 0.054613935937500004 0.7328918328125 0.018832392187499998 0.724061809375 0.018832392187499998 0.69977925 0.0282485875 0.6821192046875 0.0470809796875 0.6799117 0.062146892187500004 0.6953642390625 0.0715630890625
0 0.5055187640625001 0.0659133703125 0.509933775 0.0433145015625 0.48344370937500003 0.016949153124999998 0.47461368593750003 0.016949153124999998 0.4679911703125 0.056497175 0.48123620312500004 0.0715630890625 0.49227373124999996 0.0715630890625 0.5055187640625001 0.0659133703125
0 0.4392935984375 0 0.44150110312499996 0.0150659140625 0.43487858749999997 0.0282485875 0.43487858749999997 0.048964218749999996 0.45253863125000005 0.0583804140625 0.461368653125 0.056497175 0.4679911703125 0.045197740624999996 0.4679911703125 0 0.453642384375 0 0.4392935984375 0
0 0.64238410625 0.15630885156250002 0.66225165625 0.137476459375 0.66225165625 0.11864406718750001 0.651214128125 0.10922787187500001 0.649006621875 0.1073446328125 0.62251655625 0.126177025 0.6181015453125001 0.150659134375 0.6269315671875 0.158192090625 0.64238410625 0.15630885156250002
0 0.724061809375 0.13370998125 0.724061809375 0.12052730625000001 0.7130242828125 0.11487758906250001 0.706401765625 0.11487758906250001 0.6799117 0.129943503125 0.6821192046875 0.14689265468749999 0.69977925 0.158192090625 0.724061809375 0.13370998125
0 0.7218543046875 0.2485875703125 0.706401765625 0.2241054609375 0.6799117 0.2165725046875 0.6754966890625 0.2165725046875 0.6644591609375 0.2241054609375 0.6666666671875 0.24670433125 0.7196467984375 0.25988700625 0.7218543046875 0.2485875703125
0 0.631346578125 0.278719396875 0.6445916109375001 0.278719396875 0.6578366453125 0.26365348437499997 0.6600441499999999 0.24482109218749998 0.651214128125 0.23352165781249998 0.6445916109375001 0.2278719390625 0.6291390734375 0.23917137500000002 0.62030905 0.2561205265625 0.62030905 0.2693032015625 0.631346578125 0.278719396875
0 0.6600441499999999 0.15630885156250002 0.6247240625 0.169491525 0.6666666671875 0.169491525 0.6644591609375 0.15630885156250002 0.6600441499999999 0.15630885156250002
0 0.6556291390625 0.1958568734375 0.6534216328125 0.19020715625 0.64238410625 0.1920903953125 0.64238410625 0.19020715625 0.6247240625 0.19397363437499998 0.6247240625 0.1996233515625 0.6445916109375001 0.20338983124999999 0.6556291390625 0.1958568734375
0 0.8145695359375 0.335216571875 0.8366445921875 0.3239171375 0.8189845468750001 0.30508474531249996 0.7969094921875 0.299435028125 0.781456953125 0.299435028125 0.7704194265625001 0.31073446250000003 0.7704194265625001 0.320150659375 0.7880794703125 0.335216571875 0.8145695359375 0.335216571875
0 0.894039734375 0.048964218749999996 0.9094922734375 0.039548021875 0.92273730625 0.016949153124999998 0.9183222953125 0.011299434375 0.9028697578125 0.011299434375 0.8719646796875 0.024482109374999998 0.8653421640625 0.041431262499999996 0.8741721859375 0.050847457812499997 0.894039734375 0.048964218749999996
0 0.9403973515624999 0 0.9293598234375 0.0094161953125 0.9315673296875 0.022598870312499998 0.9403973515624999 0.030131826562500002 0.9558498890625 0.030131826562500002 0.9977924937499999 0 0.9863134656250001 0 0.9403973515624999 0
0 0.988962471875 0.10922787187500001 0.9911699781250001 0.0941619578125 0.9668874171875 0.0828625234375 0.9580573953125 0.0828625234375 0.935982340625 0.0866290015625 0.935982340625 0.11487758906250001 0.9757174390625 0.11487758906250001 0.988962471875 0.10922787187500001
0 0.810154525 0.1393596984375 0.8278145703125 0.14689265468749999 0.8476821187500001 0.1393596984375 0.8520971296875001 0.11864406718750001 0.8388520968750001 0.11299435 0.8366445921875 0.1111111109375 0.8145695359375 0.122410546875 0.821192053125 0.129943503125 0.810154525 0.13370998125 0.810154525 0.1393596984375
0 0.8807947015625001 0.1412429375 0.9050772625000001 0.1393596984375 0.9116997796874999 0.13182674218749998 0.9116997796874999 0.09981167656249999 0.8918322296875001 0.09981167656249999 0.8675496687500001 0.0866290015625 0.8631346578124999 0.0866290015625 0.856512140625 0.09227871875 0.8675496687500001 0.10922787187500001 0.8631346578124999 0.129943503125 0.8807947015625001 0.1412429375
0 0.8278145703125 0.2523540484375 0.8256070640625 0.2561205265625 0.8233995578125001 0.27495291875 0.821192053125 0.2768361578125 0.8233995578125001 0.282485875 0.8366445921875 0.282485875 0.8410596031249999 0.2806026359375 0.8609271515625 0.26365348437499997 0.8609271515625 0.2523540484375 0.8587196468749999 0.25423728749999996 0.856512140625 0.25423728749999996 0.8520971296875001 0.250470809375 0.8520971296875001 0.2485875703125 0.8476821187500001 0.24482109218749998 0.8454746140625 0.24670433125 0.8344370859374999 0.2485875703125 0.8278145703125 0.2523540484375
0 0.7770419421875 0.2655367234375 0.781456953125 0.26365348437499997 0.7858719640625 0.271186440625 0.790286975 0.2730696796875 0.7947019875 0.271186440625 0.8013245031249999 0.27495291875 0.8145695359375 0.27495291875 0.8167770421875 0.2768361578125 0.8189845468750001 0.27495291875 0.8189845468750001 0.2655367234375 0.821192053125 0.26365348437499997 0.821192053125 0.2523540484375 0.8167770421875 0.24482109218749998 0.81236203125 0.242937853125 0.8057395140624999 0.242937853125 0.803532009375 0.2410546140625 0.791390728125 0.2410546140625 0.7792494484375 0.2410546140625 0.77262693125 0.24670433125 0.7748344375 0.26365348437499997 0.7770419421875 0.2655367234375
0 0.896247240625 0.25988700625 0.8874172187499999 0.27495291875 0.8896247234375 0.2862523546875 0.8984547468749999 0.29378531093750004 0.9050772625000001 0.29378531093750004 0.90728476875 0.29566855 0.9116997796874999 0.29378531093750004 0.9116997796874999 0.2900188328125 0.9183222953125 0.284369115625 0.9205298015625001 0.2768361578125 0.9271523171875 0.2693032015625 0.9271523171875 0.2655367234375 0.9315673296875 0.26177024531250004 0.9293598234375 0.25988700625 0.9271523171875 0.24670433125 0.92273730625 0.2410546140625 0.9183222953125 0.2410546140625 0.90728476875 0.250470809375 0.9050772625000001 0.250470809375 0.9050772625000001 0.2523540484375 0.896247240625 0.25988700625
0 0.9205298015625001 0.282485875 0.913907284375 0.2900188328125 0.913907284375 0.29378531093750004 0.9116997796874999 0.29566855 0.9116997796874999 0.299435028125 0.9161147906249999 0.30320150625000003 0.9161147906249999 0.30508474531249996 0.9249448125 0.31261770312500003 0.9293598234375 0.3145009421875 0.9381898453125 0.31073446250000003 0.9492273734375001 0.3013182671875 0.9514348781249999 0.29378531093750004 0.953642384375 0.291902071875 0.953642384375 0.28813559375 0.9558498890625 0.2862523546875 0.9580573953125 0.271186440625 0.9558498890625 0.2693032015625 0.953642384375 0.250470809375 0.9448123624999999 0.250470809375 0.9293598234375 0.26365348437499997 0.9271523171875 0.2693032015625 0.92273730625 0.2730696796875 0.9205298015625001 0.282485875
0 0.9337748343750001 0.3239171375 0.9337748343750001 0.33145009375 0.94260485625 0.33898305156249997 0.9470198671875 0.340866290625 0.9580573953125 0.340866290625 0.9668874171875 0.33709981093749997 0.9779249453125001 0.3295668546875 0.98233995625 0.3220338984375 0.98233995625 0.3088512234375 0.9735099343750001 0.30508474531249996 0.9690949234374999 0.30508474531249996 0.9668874171875 0.30320150625000003 0.9514348781249999 0.30320150625000003 0.9381898453125 0.31261770312500003 0.935982340625 0.31638418125 0.935982340625 0.3220338984375 0.9337748343750001 0.3239171375
0 0.9161147906249999 0.3804143125 0.9271523171875 0.3898305078125 0.9315673296875 0.3898305078125 0.9337748343750001 0.391713746875 0.9558498890625 0.391713746875 0.9624724062500001 0.38606402968750003 0.9757174390625 0.38606402968750003 0.9779249453125001 0.384180790625 0.9779249453125001 0.3804143125 0.971302428125 0.37288135625 0.971302428125 0.3709981171875 0.9580573953125 0.35969868125 0.953642384375 0.35969868125 0.9514348781249999 0.3578154421875 0.9392935984375 0.3578154421875 0.9271523171875 0.3578154421875 0.92273730625 0.35969868125 0.9161147906249999 0.369114878125 0.9161147906249999 0.3804143125
0 0.66225165625 0.42749529218750004 0.6644591609375 0.4312617703125 0.6732891828125 0.43879472656249996 0.6821192046875 0.4425612046875 0.6887417218749999 0.44067796562500006 0.69977925 0.4312617703125 0.7019867546875 0.4312617703125 0.706401765625 0.4237288140625 0.706401765625 0.41807909531250004 0.7041942609375 0.41619585625 0.7041942609375 0.404896421875 0.69757174375 0.3935969875 0.690949228125 0.38794726874999996 0.6865342156249999 0.38794726874999996 0.6821192046875 0.3898305078125 0.6732891828125 0.39736346562499997 0.66225165625 0.4143126171875 0.66225165625 0.42749529218750004
0 0.7350993375 0.5273069687499999 0.7417218546875 0.534839925 0.7417218546875 0.5367231640625 0.746136865625 0.538606403125 0.766004415625 0.5367231640625 0.77262693125 0.5291902078125 0.77262693125 0.5235404890625001 0.7748344375 0.52165725 0.7748344375 0.5160075328125 0.7770419421875 0.51412429375 0.7792494484375 0.5047080984375001 0.7770419421875 0.502824859375 0.7770419421875 0.497175140625 0.77262693125 0.49152542343750005 0.77262693125 0.4877589453125 0.7682119203125 0.48022598906249997 0.7615894046875 0.48022598906249997 0.7571743921875 0.482109228125 0.7395143484375 0.497175140625 0.7350993375 0.5047080984375001 0.7350993375 0.5273069687499999
0 0.8852097125 0.5612052734375 0.8874172187499999 0.5630885125 0.8874172187499999 0.574387946875 0.894039734375 0.5800376640625 0.8984547468749999 0.5800376640625 0.9006622515625 0.5819209046875 0.90728476875 0.5800376640625 0.913907284375 0.574387946875 0.9161147906249999 0.574387946875 0.9161147906249999 0.5725047078125 0.9271523171875 0.5630885125 0.9271523171875 0.553672315625 0.9249448125 0.5517890765625 0.9249448125 0.5367231640625 0.92273730625 0.5329566859375 0.9116997796874999 0.5235404890625001 0.90728476875 0.52165725 0.9028697578125 0.52165725 0.8896247234375 0.534839925 0.8896247234375 0.538606403125 0.8852097125 0.546139359375 0.8852097125 0.5612052734375
0 0.7350993375 0.5875706218750001 0.724061809375 0.6064030125000001 0.7306843265625 0.61205273125 0.7306843265625 0.6139359703125 0.7328918328125 0.6139359703125 0.7417218546875 0.6214689265625 0.7505518765625 0.6252354046875 0.7549668875 0.6252354046875 0.7571743921875 0.62711864375 0.766004415625 0.62711864375 0.7704194265625001 0.623352165625 0.77262693125 0.623352165625 0.7792494484375 0.615819209375 0.7792494484375 0.59887005625 0.7748344375 0.5932203390625 0.7748344375 0.5875706218750001 0.77262693125 0.58380414375 0.763796909375 0.58380414375 0.7615894046875 0.5819209046875 0.7593818984375 0.58380414375 0.746136865625 0.58380414375 0.743929359375 0.5856873828125 0.7350993375 0.5875706218750001
0 0.216335540625 0.821092278125 0.20750551874999998 0.80979284375 0.1942604859375 0.8079096046875 0.1920529796875 0.806026365625 0.17880794687499998 0.8173258000000001 0.17660044218749998 0.841807909375 0.2030905078125 0.8719397359375 0.216335540625 0.821092278125
0 0.2803532015625 0.9039548015625 0.2847682125 0.89453860625 0.2781456953125 0.8757062140625 0.26269315625 0.862523540625 0.24944812343749997 0.8606403015625 0.24061810156250002 0.8606403015625 0.2295805734375 0.8681732578125001 0.23620309062499997 0.8888888890625 0.2516556296875 0.9001883234375001 0.2803532015625 0.9039548015625
0 0.1832229578125 0.9774011296875 0.2052980125 0.9585687374999999 0.2052980125 0.9378531078125001 0.1920529796875 0.9246704328125 0.1832229578125 0.9246704328125 0.1655629140625 0.9378531078125001 0.1567328921875 0.9698681734375001 0.16777041875 0.9774011296875 0.1832229578125 0.9774011296875
0 0.41280353124999997 0.9661016953124999 0.3929359828125 0.9585687374999999 0.388520971875 0.9585687374999999 0.3598234 0.9981167609374999 0.403973509375 0.9943502828125 0.41280353124999997 0.9811676078125 0.41280353124999997 0.9661016953124999
0 0.4944812359375 0.9924670437499999 0.50772626875 0.9698681734375001 0.49006622499999997 0.93596986875 0.47902869687500005 0.93596986875 0.46357615937499996 0.943502825 0.4591611484375 0.96421845625 0.48344370937500003 0.9981167609374999 0.4944812359375 0.9924670437499999
0 0.256070640625 0.806026365625 0.24944812343749997 0.8003766484374999 0.23399558437499998 0.8003766484374999 0.22295805781250003 0.8022598875 0.22516556250000003 0.8229755171875001 0.24944812343749997 0.8135593218749999 0.256070640625 0.806026365625
0 0.23399558437499998 0.7664783421875 0.23178807968749998 0.7664783421875 0.22737306875000002 0.7721280609375001 0.253863134375 0.777777778125 0.23399558437499998 0.7664783421875
0 0.4657836640625 0.7664783421875 0.45474613750000004 0.7664783421875 0.4459161140625 0.7834274953125 0.48123620312500004 0.7834274953125 0.4856512140625 0.7740113 0.4657836640625 0.7664783421875
0 0.461368653125 0.8135593218749999 0.4657836640625 0.8022598875 0.461368653125 0.8022598875 0.4503311265625 0.8116760828125 0.44370860937499995 0.806026365625 0.4481236203125 0.821092278125 0.461368653125 0.8135593218749999
0 0.6556291390625 0.9924670437499999 0.6644591609375 0.996233521875 0.67770419375 0.9849340859375 0.6843267109375 0.9661016953124999 0.6843267109375 0.9491525421875 0.671081678125 0.93032015 0.6556291390625 0.93032015 0.6401766 0.9453860640625 0.64238410625 0.9736346515625 0.6556291390625 0.9811676078125 0.6556291390625 0.9924670437499999
0 0.66225165625 0.830508475 0.6953642390625 0.8323917140624999 0.7019867546875 0.8229755171875001 0.69757174375 0.8116760828125 0.6556291390625 0.7909604515625 0.6534216328125 0.7890772125 0.6445916109375001 0.8003766484374999 0.6335540843749999 0.8003766484374999 0.6379690953125 0.8173258000000001 0.66225165625 0.830508475
0 0.821192053125 0.9510357812500001 0.8167770421875 0.93032015 0.81236203125 0.9190207156250001 0.7947019875 0.9133709984375 0.781456953125 0.9133709984375 0.7704194265625001 0.92278719375 0.7682119203125 0.9378531078125001 0.8079470203125 0.9623352171875 0.821192053125 0.9510357812500001
0 0.9955849890625 0.8399246703125 0.9955849890625 0.8003766484374999 0.9668874171875 0.7909604515625 0.9624724062500001 0.7909604515625 0.953642384375 0.7947269296874999 0.953642384375 0.80979284375 0.9668874171875 0.8248587578125001 0.9955849890625 0.8399246703125
0 0.9757174390625 0.9209039546875 0.9845474609375 0.911487759375 0.98233995625 0.898305084375 0.9558498890625 0.8738229750000001 0.953642384375 0.8738229750000001 0.935982340625 0.8832391718749999 0.935982340625 0.9001883234375001 0.9558498890625 0.9190207156250001 0.9757174390625 0.9209039546875
2 0 0.1845574390625 0.2693156734375 0.19020715625 0.3178807953125 0.186440678125 0.32229580625 0.17890772187499998 0.33774834375 0.1807909609375 0.328918321875 0.17890772187499998 0.328918321875 0.165725046875 0.1456953640625 0.16195856875 0.13448785937500002 0.16195856875 0 0.16195856875 0 0.1845574390625
2 0.9977924937499999 0.1807909609375 0.9094922734375 0.17890772187499998 0.90728476875 0.1770244828125 0.8609271515625 0.17890772187499998 0.8587196468749999 0.1996233515625 0.9977924937499999 0.20338983124999999 0.9977924937499999 0.1807909609375
2 0.6379690953125 0.1920903953125 0.6401766 0.186440678125 0.6534216328125 0.186440678125 0.6578366453125 0.19397363437499998 0.7792494484375 0.1977401125 0.8256070640625 0.1920903953125 0.821192053125 0.1770244828125 0.7682119203125 0.173258003125 0.7395143484375 0.1770244828125 0.7108167765625 0.17137476406250002 0.35761589374999997 0.1638418078125 0.3554083890625 0.1638418078125 0.3421633546875 0.1845574390625 0.3951434875 0.1920903953125 0.62251655625 0.19397363437499998 0.6379690953125 0.1920903953125
0 0.9977924937499999 0.9698681734375001 0.9977924937499999 0.9416195859375 0.98233995625 0.926553671875 0.9690949234374999 0.926553671875 0.9668874171875 0.9246704328125 0.9580573953125 0.9340866296874999 0.9580573953125 0.9510357812500001 0.9845474609375 0.9811676078125 0.9977924937499999 0.9698681734375001
2 0 0.8022598875 0.1942604859375 0.8022598875 0.22075055156249998 0.8041431265625001 0.2295805734375 0.8116760828125 0.23620309062499997 0.8041431265625001 0.2516556296875 0.8079096046875 0.3046357609375 0.8022598875 0.406181015625 0.8022598875 0.4392935984375 0.8041431265625001 0.4459161140625 0.80979284375 0.45474613750000004 0.8022598875 0.64238410625 0.8041431265625001 0.6534216328125 0.8022598875 0.6578366453125 0.7947269296874999 0.6865342156249999 0.8022598875 0.9911699781250001 0.79661016875 0.9977924937499999 0.7947269296874999 0.9955849890625 0.7758945390624999 0.9933774828124999 0.7740113 0.42384105937500005 0.785310734375 0 0.7796610171875 0 0.8022598875
1 0.2052980125 0.3540489640625 0.2052980125 0.3822975515625 0.198675496875 0.384180790625 0.196467990625 0.3785310734375 0.196467990625 0.43691148750000003 0.20971302500000003 0.44821092343749996 0.21192052968750003 0.47080979218749996 0.2008830015625 0.4934086625 0.18984547499999999 0.566854990625 0.20971302500000003 0.615819209375 0.24061810156250002 0.6666666671875 0.23399558437499998 0.7099811671875 0.2516556296875 0.7269303203125 0.2803532015625 0.7401129937500001 0.33995585 0.7344632765625 0.368653421875 0.7024482109375 0.3752759375 0.708097928125 0.39735099375 0.7062146890625 0.4216335546875 0.715630884375 0.4657836640625 0.7193973640625 0.4944812359375 0.69679849375 0.48123620312500004 0.6949152546875 0.46357615937499996 0.6760828625 0.4503311265625 0.672316384375 0.4370860921875 0.672316384375 0.43487858749999997 0.6854990578125 0.4105960265625 0.687382296875 0.3995584984375 0.679849340625 0.3995584984375 0.66854990625 0.42604856562500004 0.6346516 0.4569536421875 0.644067796875 0.5033112578125001 0.6459510359375 0.5496688734374999 0.623352165625 0.58278145625 0.5856873828125 0.5894039734375001 0.5649717515625 0.58719646875 0.531073446875 0.5717439296875 0.510357815625 0.536423840625 0.4839924671875 0.4856512140625 0.47834275000000004 0.48123620312500004 0.453860640625 0.4657836640625 0.44632768437500003 0.45253863125000005 0.42937853125 0.3995584984375 0.40677966093749995 0.3554083890625 0.4030131828125 0.33995585 0.39548022656250004 0.32229580625 0.3785310734375 0.328918321875 0.35593220312499996 0.3200883 0.3333333328125 0.30242825624999997 0.3239171375 0.2693156734375 0.320150659375 0.2671081671875 0.3182674203125 0.253863134375 0.335216571875 0.2030905078125 0.33709981093749997 0.21412803593750002 0.34463276875000004 0.2052980125 0.3540489640625