0 0.1 0.1709401703125 0.1111111109375 0.14529914531250002 0.09629629687499999 0.11396011406249999 0.0333333328125 0.0997151 0.0296296296875 0.0997151 0.0148148140625 0.102564103125 0.0259259265625 0.1509971515625 0.0740740734375 0.1737891734375 0.1 0.1709401703125
0 0.3333333328125 0.0826210828125 0.34444444375 0.0740740734375 0.34444444375 0.0512820515625 0.31851851875000003 0.031339031249999996 0.28148148125 0.0227920234375 0.259259259375 0.0227920234375 0.21851851875 0.0484330484375 0.21851851875 0.06267806249999999 0.2888888890625 0.0826210828125 0.3333333328125 0.0826210828125
0 0.2851851859375 0.2450142453125 0.296296296875 0.1994302 0.240740740625 0.159544159375 0.23333333281250002 0.159544159375 0.21851851875 0.222222221875 0.2296296296875 0.23931623906250002 0.2629629625 0.25641025625 0.2851851859375 0.2450142453125
0 0.21851851875 0.1823361828125 0.196296296875 0.159544159375 0.1666666671875 0.1509971515625 0.14444444375 0.1509971515625 0.1629629625 0.23076923124999998 0.1925925921875 0.2450142453125 0.2148148140625 0.23076923124999998 0.21851851875 0.1823361828125
0 0 0.3390313390625 0.0111111109375 0.35612535625 0.051851851562499995 0.3732193734375 0.08518518593749999 0.3703703703125 0.1 0.35612535625 0.0888888890625 0.324786325 0.0296296296875 0.296296296875 0.022222221875 0.296296296875 0 0.3019943015625 0 0.3390313390625
0 0.5111111109375 0.24216524218750002 0.5518518515624999 0.222222221875 0.5629629625 0.1823361828125 0.5296296296875 0.165242165625 0.5 0.165242165625 0.45185185156249996 0.1994302 0.45555555625000005 0.24216524218750002 0.46666666718750005 0.25071224999999997 0.5111111109375 0.24216524218750002
0 0.559259259375 0.2735042734375 0.577777778125 0.2991452984375 0.5962962968750001 0.3019943015625 0.64444444375 0.2735042734375 0.6518518515625 0.24216524218750002 0.6333333328124999 0.20512820468749998 0.6259259265625 0.20512820468749998 0.6148148140624999 0.2165242171875 0.5851851859375 0.222222221875 0.5629629625 0.2450142453125 0.559259259375 0.2735042734375
0 0.777777778125 0.19373219375 0.759259259375 0.1766381765625 0.740740740625 0.1766381765625 0.696296296875 0.2079772078125 0.696296296875 0.2478632484375 0.7666666671875 0.23646723593750002 0.777777778125 0.19373219375
0 0.8296296296874999 0.20227920156249998 0.85555555625 0.1794871796875 0.8629629624999999 0.13675213749999998 0.803703703125 0.13105413125 0.8 0.128205128125 0.7851851859375001 0.1396011390625 0.7851851859375001 0.1737891734375 0.8148148140625 0.20227920156249998 0.8296296296874999 0.20227920156249998
0 0.9 0.06837606874999999 0.8518518515625001 0.0427350421875 0.8222222218749999 0.0427350421875 0.7888888890625 0.06267806249999999 0.81851851875 0.096866096875 0.9037037031249999 0.0997151 0.9 0.06837606874999999
0 0.5666666671875 0.1509971515625 0.5925925921874999 0.12250712187499999 0.5259259265625 0.11396011406249999 0.51851851875 0.11396011406249999 0.49629629687500004 0.1196581203125 0.49259259218749996 0.13675213749999998 0.5259259265625 0.153846153125 0.5666666671875 0.1509971515625
0 0.75555555625 0.06837606874999999 0.73148148125 0.06837606874999999 0.7 0.071225071875 0.6851851859375 0.091168090625 0.7925925921875 0.096866096875 0.75555555625 0.06837606874999999
0 0.64444444375 0.37606837656250003 0.6666666671875 0.37606837656250003 0.703703703125 0.358974359375 0.7185185187500001 0.31623931562499996 0.696296296875 0.296296296875 0.6925925921875 0.296296296875 0.6555555562500001 0.3019943015625 0.6333333328124999 0.324786325 0.6296296296875 0.353276353125 0.64444444375 0.37606837656250003
0 0.58148148125 0.390313390625 0.603703703125 0.3874643875 0.6296296296875 0.3646723640625 0.6296296296875 0.3333333328125 0.5962962968750001 0.3076923078125 0.577777778125 0.3076923078125 0.54444444375 0.3133903140625 0.540740740625 0.324786325 0.559259259375 0.3732193734375 0.58148148125 0.390313390625
0 0.5481481484375 0.3988603984375 0.5481481484375 0.384615384375 0.5259259265625 0.358974359375 0.48148148125 0.34188034218749996 0.4703703703125 0.34188034218749996 0.44444444375 0.35612535625 0.45555555625000005 0.3988603984375 0.522222221875 0.415954415625 0.5481481484375 0.3988603984375
0 0.43333333281249997 0.4700854703125 0.4888888890625 0.4672364671875 0.51851851875 0.4415954421875 0.5148148140625 0.421652421875 0.46666666718750005 0.4045584046875 0.45185185156249996 0.4045584046875 0.4148148140625 0.421652421875 0.3925925921875 0.421652421875 0.3888888890625 0.43019942968749997 0.43333333281249997 0.4700854703125
0 0.31851851875000003 0.515669515625 0.340740740625 0.4871794875 0.322222221875 0.447293446875 0.296296296875 0.447293446875 0.2703703703125 0.46438746406250003 0.259259259375 0.4871794875 0.2740740734375 0.5299145296875001 0.31851851875000003 0.515669515625
0 0.7740740734375 0.46438746406250003 0.803703703125 0.4415954421875 0.8074074078125 0.41880341874999993 0.7888888890625 0.39316239375 0.7703703703125 0.39316239375 0.740740740625 0.3988603984375 0.7259259265625 0.424501425 0.75555555625 0.4672364671875 0.7740740734375 0.46438746406250003
0 0.8481481484375 0.447293446875 0.8629629624999999 0.43589743593749997 0.9037037031249999 0.43589743593749997 0.91851851875 0.44444444375 0.9518518515625001 0.4102564109375 0.9 0.384615384375 0.88148148125 0.384615384375 0.85555555625 0.3874643875 0.8296296296874999 0.41310541250000005 0.8296296296874999 0.43589743593749997 0.8481481484375 0.447293446875
0 0.9259259265625 0.5071225078125 0.9444444437499999 0.49572649531249996 0.9444444437499999 0.4700854703125 0.9296296296875 0.45014244999999997 0.9 0.4415954421875 0.8925925921875001 0.4415954421875 0.8518518515625001 0.45014244999999997 0.8518518515625001 0.47863247812500004 0.8888888890625 0.5042735046875 0.9259259265625 0.5071225078125
0 0.7629629625 0.5641025640625 0.759259259375 0.5356125359374999 0.7296296296875 0.5071225078125 0.6629629625 0.490028490625 0.6555555562500001 0.490028490625 0.6481481484375 0.509971509375 0.7 0.5698005703125 0.7259259265625 0.575498575 0.7629629625 0.5641025640625
0 0.61851851875 0.5356125359374999 0.58148148125 0.509971509375 0.522222221875 0.5042735046875 0.5148148140625 0.5042735046875 0.5074074078125 0.51851851875 0.5333333328125 0.5698005703125 0.6 0.5897435890625 0.61851851875 0.5356125359374999
0 0.68148148125 0.5811965812500001 0.68148148125 0.5555555562500001 0.6666666671875 0.5356125359374999 0.64444444375 0.5270655265624999 0.640740740625 0.5270655265624999 0.6148148140624999 0.5527065531249999 0.6074074078125 0.609686609375 0.64444444375 0.609686609375 0.68148148125 0.5811965812500001
0 0.4481481484375 0.6068376062499999 0.45555555625000005 0.5982905984375 0.4074074078125 0.54985755 0.36666666718749996 0.5327635328125 0.35555555625 0.5327635328125 0.322222221875 0.541310540625 0.3111111109375 0.5555555562500001 0.33703703749999997 0.5982905984375 0.4481481484375 0.6068376062499999
0 0.0666666671875 0.6039886046875 0.1 0.5584045578125 0.0925925921875 0.5242165234375 0.077777778125 0.5128205125 0.048148148437499996 0.5128205125 0.0296296296875 0.5242165234375 0.0148148140625 0.5584045578125 0.040740740625 0.6068376062499999 0.0666666671875 0.6039886046875
0 0.2259259265625 0.6210826203125001 0.240740740625 0.6068376062499999 0.240740740625 0.5897435890625 0.20370370312500002 0.5669515671875 0.2 0.5669515671875 0.14444444375 0.5811965812500001 0.1111111109375 0.615384615625 0.1629629625 0.6267806265625 0.2259259265625 0.6210826203125001
0 0.20740740781250003 0.5527065531249999 0.20370370312500002 0.54415954375 0.13703703750000001 0.5299145296875001 0.1296296296875 0.5299145296875001 0.1111111109375 0.572649571875 0.12592592656249998 0.584045584375 0.1666666671875 0.578347578125 0.20740740781250003 0.5527065531249999
0 0.18148148125000002 0.5270655265624999 0.2148148140625 0.541310540625 0.2296296296875 0.5327635328125 0.222222221875 0.509971509375 0.1740740734375 0.4757834765625 0.1518518515625 0.4757834765625 0.1111111109375 0.5042735046875 0.11851851875 0.51851851875 0.14444444375 0.5299145296875001 0.18148148125000002 0.5270655265624999
0 0.1296296296875 0.740740740625 0.1296296296875 0.7264957265625 0.1111111109375 0.7321937328125 0.1 0.6837606843749999 0.077777778125 0.672364671875 0.059259259375 0.672364671875 0.0296296296875 0.68091168125 0.04444444375 0.7207977203125 0.0740740734375 0.7378917375 0.1296296296875 0.740740740625
0 0.055555556250000006 0.6324786328124999 0.08518518593749999 0.6609686609375001 0.14444444375 0.6666666671875 0.177777778125 0.64957265 0.15925925937500002 0.6267806265625 0.1296296296875 0.6239316234375 0.0925925921875 0.6039886046875 0.077777778125 0.6039886046875 0.04444444375 0.609686609375 0.040740740625 0.6210826203125001 0.0629629625 0.6296296296875 0.055555556250000006 0.6324786328124999
0 0.13333333281249998 0.6923076921875 0.1296296296875 0.715099715625 0.140740740625 0.7264957265625 0.177777778125 0.7378917375 0.20370370312500002 0.7236467234374999 0.20370370312500002 0.709401709375 0.1888888890625 0.678062678125 0.1666666671875 0.6638176640625 0.15555555625 0.6638176640625 0.10370370312499999 0.675213675 0.11851851875 0.6980056984375 0.12592592656249998 0.6866096859375 0.13333333281249998 0.6923076921875
0 0.54444444375 0.6609686609375001 0.5962962968750001 0.678062678125 0.6074074078125 0.6638176640625 0.603703703125 0.6182336187499999 0.5703703703125 0.5925925921874999 0.55 0.5925925921874999 0.5296296296875 0.5925925921874999 0.5148148140625 0.6039886046875 0.522222221875 0.641025640625 0.54444444375 0.6609686609375001
0 0.6666666671875 0.7008547015625 0.68148148125 0.652421653125 0.640740740625 0.6125356125 0.622222221875 0.6125356125 0.6074074078125 0.6182336187499999 0.6074074078125 0.6638176640625 0.6481481484375 0.6980056984375 0.6666666671875 0.7008547015625
0 0.7111111109375 0.6609686609375001 0.7370370375 0.6324786328124999 0.7185185187500001 0.6068376062499999 0.7148148140624999 0.615384615625 0.6851851859375 0.5954415953125001 0.7185185187500001 0.5897435890625 0.7074074078125 0.5868945875 0.68148148125 0.5868945875 0.6555555562500001 0.6011396015625 0.6518518515625 0.6182336187499999 0.6888888890625 0.6552706546875 0.7111111109375 0.6609686609375001
0 0.7185185187500001 0.6039886046875 0.7148148140624999 0.6125356125 0.740740740625 0.6324786328124999 0.796296296875 0.6296296296875 0.8222222218749999 0.609686609375 0.81851851875 0.5954415953125001 0.7814814812499999 0.5669515671875 0.759259259375 0.5669515671875 0.7111111109375 0.5868945875 0.6888888890625 0.5868945875 0.6925925921875 0.5982905984375 0.7185185187500001 0.6039886046875
0 0.796296296875 0.6609686609375001 0.7814814812499999 0.6381766375 0.7481481484375 0.6381766375 0.7148148140624999 0.6609686609375001 0.7370370375 0.7207977203125 0.7888888890625 0.6980056984375 0.796296296875 0.6609686609375001
0 0.6111111109375 0.7635327640625 0.6296296296875 0.7492877499999999 0.6296296296875 0.735042734375 0.5962962968750001 0.709401709375 0.559259259375 0.703703703125 0.54444444375 0.703703703125 0.5074074078125 0.7293447296875 0.5148148140625 0.7435897437500001 0.5518518515624999 0.766381765625 0.6111111109375 0.7635327640625
0 0.3296296296875 0.6837606843749999 0.3740740734375 0.6923076921875 0.41851851875 0.678062678125 0.41851851875 0.6581196578124999 0.4 0.6381766375 0.34444444375 0.6324786328124999 0.340740740625 0.6296296296875 0.296296296875 0.64957265 0.296296296875 0.66951566875 0.31851851875000003 0.66951566875 0.3296296296875 0.6837606843749999
0 0.3 0.7606837609375 0.3296296296875 0.7321937328125 0.322222221875 0.70655270625 0.2925925921875 0.6866096859375 0.28148148125 0.6866096859375 0.2370370375 0.6951566953125 0.24814814843750002 0.735042734375 0.28148148125 0.7635327640625 0.3 0.7606837609375
0 0.42592592656250006 0.7578347578125 0.4370370375 0.746438746875 0.42592592656250006 0.709401709375 0.403703703125 0.6923076921875 0.33703703749999997 0.6866096859375 0.3296296296875 0.6866096859375 0.340740740625 0.7321937328125 0.35925925937500003 0.746438746875 0.3925925921875 0.7606837609375 0.42592592656250006 0.7578347578125
0 0.2740740734375 0.8945868953125 0.25555555625 0.8632478625 0.2259259265625 0.846153846875 0.21111111093749999 0.846153846875 0.15555555625 0.8603988609375 0.1629629625 0.9116809109374999 0.240740740625 0.908831909375 0.2740740734375 0.8945868953125
0 0.5555555562500001 0.9116809109374999 0.5666666671875 0.9031339031250001 0.5629629625 0.8831908828125 0.503703703125 0.8490028484375 0.49629629687500004 0.8490028484375 0.45185185156249996 0.8717948718749999 0.44444444375 0.9002848999999999 0.503703703125 0.9145299140625 0.5555555562500001 0.9116809109374999
0 0.5111111109375 0.9572649578125001 0.5148148140625 0.940170940625 0.5 0.9259259265625 0.4703703703125 0.9230769234375 0.45185185156249996 0.9230769234375 0.3925925921875 0.9572649578125001 0.41111111093749997 0.971509971875 0.477777778125 0.9829059828125001 0.5111111109375 0.9572649578125001
0 0.6888888890625 0.809116809375 0.7185185187500001 0.78062678125 0.7111111109375 0.76923076875 0.68148148125 0.7606837609375 0.6518518515625 0.7606837609375 0.6111111109375 0.7891737890625 0.6111111109375 0.809116809375 0.6518518515625 0.8233618234375 0.6888888890625 0.809116809375
0 0.703703703125 0.8148148140625 0.740740740625 0.8262108265625001 0.7925925921875 0.8176638171875 0.81851851875 0.78062678125 0.7925925921875 0.777777778125 0.7814814812499999 0.766381765625 0.7611111109375 0.766381765625 0.722222221875 0.772079771875 0.722222221875 0.7834757828125001 0.696296296875 0.8062678062499999 0.703703703125 0.8148148140625
0 0.9666666671874999 0.6923076921875 0.996296296875 0.6609686609375001 0.9925925921875001 0.641025640625 0.959259259375 0.6182336187499999 0.95555555625 0.615384615625 0.9074074078125 0.64957265 0.9074074078125 0.68091168125 0.9259259265625 0.7008547015625 0.9666666671874999 0.6923076921875
0 0.9 0.6923076921875 0.896296296875 0.678062678125 0.8518518515625001 0.6666666671875 0.8259259265625 0.6666666671875 0.8 0.675213675 0.7814814812499999 0.7179487171875001 0.8296296296874999 0.7321937328125 0.9 0.6923076921875
0 0.8333333328125001 0.7264957265625 0.8296296296874999 0.7293447296875 0.8074074078125 0.7321937328125 0.8074074078125 0.740740740625 0.8111111109375001 0.746438746875 0.8222222218749999 0.7549857546875 0.8370370375 0.7578347578125 0.8444444437499999 0.7635327640625 0.8629629624999999 0.7635327640625 0.877777778125 0.7578347578125 0.8851851859375 0.7521367515625 0.896296296875 0.7492877499999999 0.922222221875 0.7321937328125 0.922222221875 0.7293447296875 0.9370370375 0.715099715625 0.9370370375 0.70655270625 0.9296296296875 0.70655270625 0.9259259265625 0.703703703125 0.9111111109375001 0.703703703125 0.8925925921875001 0.7122507125 0.8740740734375001 0.7122507125 0.8444444437499999 0.7264957265625 0.8333333328125001 0.7264957265625
0 0.922222221875 0.78062678125 0.9148148140625001 0.7891737890625 0.9111111109375001 0.7891737890625 0.9074074078125 0.8005698000000001 0.91851851875 0.809116809375 0.9259259265625 0.8119658125000001 0.940740740625 0.8119658125000001 0.9444444437499999 0.8148148140625 0.959259259375 0.8148148140625 0.9629629625 0.8176638171875 0.9740740734375001 0.8176638171875 0.996296296875 0.809116809375 0.996296296875 0.7578347578125 0.9888888890624999 0.7578347578125 0.9851851859374999 0.7549857546875 0.9703703703125001 0.7578347578125 0.9666666671874999 0.7549857546875 0.9481481484375 0.766381765625 0.9444444437499999 0.766381765625 0.9259259265625 0.78062678125 0.922222221875 0.78062678125
0 0.7925925921875 0.8376068374999999 0.777777778125 0.840455840625 0.7666666671875 0.8575498578125 0.759259259375 0.8632478625 0.759259259375 0.8803418796875 0.7666666671875 0.8860398859374999 0.7666666671875 0.897435896875 0.7814814812499999 0.9116809109374999 0.8111111109375001 0.9116809109374999 0.8370370375 0.8945868953125 0.8518518515625001 0.8717948718749999 0.8518518515625001 0.8660968656250001 0.85555555625 0.8632478625 0.840740740625 0.840455840625 0.840740740625 0.8119658125000001 0.8444444437499999 0.809116809375 0.840740740625 0.803418803125 0.8333333328125001 0.8005698000000001 0.8333333328125001 0.7977207984375 0.8296296296874999 0.7977207984375 0.8296296296874999 0.8005698000000001 0.8148148140625 0.8119658125000001 0.8 0.83190883125 0.7925925921875 0.8376068374999999
0 0.8481481484375 0.8148148140625 0.8481481484375 0.8205128203125 0.859259259375 0.83190883125 0.859259259375 0.834757834375 0.8703703703125001 0.84330484375 0.8703703703125001 0.8547008546875 0.8740740734375001 0.8575498578125 0.877777778125 0.86894586875 0.88148148125 0.86894586875 0.896296296875 0.8803418796875 0.9037037031249999 0.8831908828125 0.91851851875 0.8831908828125 0.922222221875 0.8803418796875 0.9333333328125001 0.8803418796875 0.9370370375 0.8831908828125 0.940740740625 0.8803418796875 0.959259259375 0.8803418796875 0.9740740734375001 0.86894586875 0.9740740734375001 0.8518518515625001 0.9629629625 0.834757834375 0.9444444437499999 0.8233618234375 0.9370370375 0.8233618234375 0.9148148140625001 0.8148148140625 0.9037037031249999 0.8148148140625 0.9 0.8119658125000001 0.88148148125 0.809116809375 0.8740740734375001 0.803418803125 0.8703703703125001 0.8062678062499999 0.859259259375 0.8062678062499999 0.859259259375 0.809116809375 0.8481481484375 0.8148148140625
0 0.8333333328125001 0.7977207984375 0.8333333328125001 0.8005698000000001 0.840740740625 0.803418803125 0.8444444437499999 0.809116809375 0.8629629624999999 0.8062678062499999 0.88148148125 0.7948717953125 0.896296296875 0.7948717953125 0.9 0.7977207984375 0.9074074078125 0.7948717953125 0.9111111109375001 0.7863247859375 0.9518518515625001 0.7578347578125 0.9518518515625001 0.746438746875 0.940740740625 0.7378917375 0.9148148140625001 0.7378917375 0.8740740734375001 0.7606837609375 0.8518518515625001 0.76923076875 0.8518518515625001 0.777777778125 0.8333333328125001 0.7977207984375
0 0.4481481484375 0.7891737890625 0.46296296249999996 0.8005698000000001 0.46666666718750005 0.809116809375 0.47407407343749997 0.8148148140625 0.48518518593750004 0.8176638171875 0.49259259218749996 0.8233618234375 0.5111111109375 0.8233618234375 0.5148148140625 0.8262108265625001 0.5259259265625 0.8262108265625001 0.5333333328125 0.8233618234375 0.5740740734374999 0.7920227921875 0.577777778125 0.7863247859375 0.577777778125 0.777777778125 0.5740740734374999 0.774928775 0.559259259375 0.774928775 0.5555555562500001 0.772079771875 0.5481481484375 0.772079771875 0.5333333328125 0.766381765625 0.5259259265625 0.7606837609375 0.51851851875 0.7606837609375 0.5148148140625 0.7578347578125 0.5111111109375 0.7578347578125 0.5 0.7635327640625 0.477777778125 0.7635327640625 0.45185185156249996 0.7834757828125001 0.4481481484375 0.7891737890625
0 0.377777778125 0.83190883125 0.3851851859375 0.834757834375 0.4 0.834757834375 0.4148148140625 0.8490028484375 0.42222222187499997 0.8632478625 0.45185185156249996 0.8660968656250001 0.459259259375 0.8632478625 0.48148148125 0.846153846875 0.48518518593750004 0.840455840625 0.48518518593750004 0.8205128203125 0.47407407343749997 0.8176638171875 0.46296296249999996 0.809116809375 0.459259259375 0.8005698000000001 0.44444444375 0.7891737890625 0.4370370375 0.7891737890625 0.4074074078125 0.803418803125 0.3888888890625 0.803418803125 0.377777778125 0.8148148140625 0.377777778125 0.83190883125
0 0.3518518515625 0.8945868953125 0.35925925937500003 0.9031339031250001 0.3851851859375 0.9031339031250001 0.3925925921875 0.9002848999999999 0.41851851875 0.8803418796875 0.41851851875 0.86894586875 0.42222222187499997 0.8632478625 0.41851851875 0.8603988609375 0.4148148140625 0.8490028484375 0.403703703125 0.840455840625 0.403703703125 0.834757834375 0.4 0.83190883125 0.3888888890625 0.83190883125 0.3851851859375 0.834757834375 0.38148148125 0.83190883125 0.3703703703125 0.83190883125 0.3481481484375 0.846153846875 0.3481481484375 0.8774928781250001 0.3518518515625 0.8803418796875 0.3518518515625 0.8945868953125
0 0.20740740781250003 0.803418803125 0.2259259265625 0.8262108265625001 0.2518518515625 0.8376068374999999 0.2666666671875 0.840455840625 0.2740740734375 0.83190883125 0.27777777812500004 0.8205128203125 0.296296296875 0.809116809375 0.2851851859375 0.7948717953125 0.28148148125 0.78062678125 0.2666666671875 0.76923076875 0.25555555625 0.766381765625 0.24814814843750002 0.7606837609375 0.2370370375 0.7606837609375 0.23333333281250002 0.7578347578125 0.2296296296875 0.7606837609375 0.21851851875 0.7606837609375 0.20740740781250003 0.774928775 0.20740740781250003 0.803418803125
0 0.296296296875 0.9572649578125001 0.3 0.960113959375 0.303703703125 0.971509971875 0.3111111109375 0.9772079765624999 0.322222221875 0.9772079765624999 0.3296296296875 0.9658119656249999 0.340740740625 0.9572649578125001 0.340740740625 0.9544159546875 0.35555555625 0.9458689453125 0.36666666718749996 0.9430199437500001 0.36296296250000004 0.9373219374999999 0.36666666718749996 0.9145299140625 0.34444444375 0.9002848999999999 0.340740740625 0.8917378921875001 0.3333333328125 0.8860398859374999 0.31851851875000003 0.8860398859374999 0.3148148140625 0.8831908828125 0.3 0.8831908828125 0.2888888890625 0.9002848999999999 0.2888888890625 0.934472934375 0.3 0.9458689453125 0.296296296875 0.9572649578125001
0 0.2925925921875 0.8148148140625 0.2851851859375 0.8205128203125 0.28148148125 0.8205128203125 0.27777777812500004 0.83190883125 0.2703703703125 0.8376068374999999 0.2703703703125 0.8603988609375 0.2666666671875 0.8632478625 0.27777777812500004 0.874643875 0.2851851859375 0.874643875 0.2888888890625 0.8774928781250001 0.296296296875 0.8774928781250001 0.3 0.874643875 0.3148148140625 0.874643875 0.32592592656249997 0.8803418796875 0.340740740625 0.8803418796875 0.340740740625 0.874643875 0.34444444375 0.8717948718749999 0.34444444375 0.846153846875 0.3481481484375 0.84330484375 0.3481481484375 0.8290598296875 0.35555555625 0.8205128203125 0.35925925937500003 0.8233618234375 0.35925925937500003 0.8205128203125 0.36666666718749996 0.8176638171875 0.3518518515625 0.8119658125000001 0.33703703749999997 0.8119658125000001 0.3296296296875 0.8205128203125 0.31851851875000003 0.8205128203125 0.30740740781250003 0.8148148140625 0.2925925921875 0.8148148140625
0 0.5925925921874999 0.9914529921874999 0.5962962968750001 0.9971509968750001 0.68148148125 0.9971509968750001 0.6777777781250001 0.971509971875 0.659259259375 0.9572649578125001 0.622222221875 0.9430199437500001 0.6148148140624999 0.9373219374999999 0.603703703125 0.9487179484375 0.6 0.9658119656249999 0.5925925921874999 0.9772079765624999 0.5925925921874999 0.9914529921874999
0 0.6888888890625 0.974358975 0.6925925921875 0.9772079765624999 0.6925925921875 0.9829059828125001 0.7074074078125 0.9971509968750001 0.7888888890625 0.9971509968750001 0.7888888890625 0.971509971875 0.7740740734375 0.960113959375 0.7666666671875 0.9572649578125001 0.75555555625 0.9572649578125001 0.7518518515625 0.9544159546875 0.740740740625 0.9544159546875 0.7370370375 0.9515669515624999 0.722222221875 0.9515669515624999 0.7185185187500001 0.9487179484375 0.7111111109375 0.9487179484375 0.7074074078125 0.9515669515624999 0.7 0.9515669515624999 0.6888888890625 0.960113959375 0.6888888890625 0.974358975
0 0.996296296875 0.64387464375 0.996296296875 0.541310540625 0.9925925921875001 0.541310540625 0.95555555625 0.5897435890625 0.95555555625 0.609686609375 0.977777778125 0.6182336187499999 0.996296296875 0.64387464375
2 0 0.096866096875 0.1740740734375 0.10826210781250001 0.996296296875 0.13105413125 0.9925925921875001 0.102564103125 0.8629629624999999 0.10826210781250001 0.6851851859375 0.09401709375 0.2740740734375 0.0854700859375 0.0296296296875 0.071225071875 0 0.071225071875 0 0.096866096875