0 0.0671834625 0.153846153125 0.0671834625 0.1656804734375 0.0775193796875 0.1775147921875 0.087855296875 0.1775147921875 0.09302325624999999 0.1715976328125 0.10335917343750001 0.14792899375 0.105943153125 0.136094675 0.105943153125 0.1242603546875 0.10335917343750001 0.1183431953125 0.105943153125 0.088757396875 0.10077519374999999 0.088757396875 0.0981912140625 0.08284023593749999 0.080103359375 0.08284023593749999 0.0697674421875 0.09467455625 0.0645994828125 0.10650887499999999 0.0645994828125 0.14792899375 0.0671834625 0.153846153125
0 0.038759690624999996 0.1656804734375 0.056847545312500004 0.2071005921875 0.062015503125 0.21301775156249997 0.0697674421875 0.21301775156249997 0.0749354 0.20118343125 0.0749354 0.183431953125 0.0645994828125 0.1597633140625 0.0645994828125 0.14792899375 0.062015503125 0.142011834375 0.062015503125 0.100591715625 0.054263565624999996 0.08284023593749999 0.046511628124999996 0.08284023593749999 0.04134366875 0.088757396875 0.0361757109375 0.10650887499999999 0.0361757109375 0.153846153125 0.038759690624999996 0.1656804734375
0 0.080103359375 0.27810650937500003 0.09302325624999999 0.3076923078125 0.09302325624999999 0.3136094671875 0.0981912140625 0.32544378749999997 0.105943153125 0.32544378749999997 0.1162790703125 0.3076923078125 0.1188630484375 0.2958579875 0.1188630484375 0.2662721890625 0.1162790703125 0.2603550296875 0.1162790703125 0.21301775156249997 0.10335917343750001 0.195266271875 0.087855296875 0.195266271875 0.0775193796875 0.21301775156249997 0.0775193796875 0.2603550296875 0.080103359375 0.2662721890625 0.080103359375 0.27810650937500003
0 0.12403100781250001 0.4497041421875 0.134366925 0.4615384609375 0.139534884375 0.4615384609375 0.1447028421875 0.45562130156249997 0.1447028421875 0.4497041421875 0.1498708015625 0.437869821875 0.155038759375 0.437869821875 0.1576227390625 0.4319526625 0.1576227390625 0.42011834375 0.155038759375 0.41420118281249996 0.155038759375 0.39053254375 0.1524547796875 0.378698225 0.1421188625 0.3550295859375 0.1421188625 0.34911242656249997 0.134366925 0.34911242656249997 0.1266149875 0.331360946875 0.1162790703125 0.331360946875 0.1111111109375 0.343195265625 0.11369509062500001 0.41420118281249996 0.1188630484375 0.437869821875 0.12403100781250001 0.4497041421875
0 0.1266149875 0.5739644968750001 0.134366925 0.60946745625 0.147286821875 0.6331360953125 0.1627906984375 0.627218934375 0.1653746765625 0.621301775 0.1653746765625 0.5917159765625 0.1627906984375 0.5857988171875 0.1627906984375 0.5680473375 0.1576227390625 0.5443786984375001 0.1498708015625 0.520710059375 0.1447028421875 0.5147929 0.13695090468749999 0.5147929 0.134366925 0.5088757390625 0.12403100781250001 0.5088757390625 0.1188630484375 0.5147929 0.1188630484375 0.532544378125 0.12919896718749999 0.562130178125 0.1266149875 0.5739644968750001
0 0.0981912140625 0.615384615625 0.10077519374999999 0.621301775 0.10077519374999999 0.6390532546875 0.10335917343750001 0.6508875734374999 0.1111111109375 0.6686390531249999 0.12919896718749999 0.6686390531249999 0.13695090468749999 0.6508875734374999 0.1317829453125 0.6331360953125 0.1317829453125 0.60946745625 0.121447028125 0.5680473375 0.121447028125 0.5562130171875 0.10852713124999999 0.532544378125 0.0981912140625 0.532544378125 0.095607234375 0.5443786984375001 0.095607234375 0.5739644968750001 0.0981912140625 0.57988165625 0.0981912140625 0.615384615625
0 0.04134366875 0.9112426031249999 0.0490956078125 0.9289940828125 0.054263565624999996 0.9526627218750001 0.0697674421875 0.9881656812499999 0.0697674421875 0.9940828406250001 0.0826873390625 0.9940828406250001 0.087855296875 0.9822485203125 0.09302325624999999 0.95857988125 0.09302325624999999 0.9349112421875001 0.0904392765625 0.9230769234375 0.072351421875 0.8816568046875 0.0671834625 0.8757396453125 0.059431525 0.8757396453125 0.056847545312500004 0.8816568046875 0.0439276484375 0.8816568046875 0.04134366875 0.8875739640625 0.04134366875 0.9112426031249999
0 0.7390180875000001 0.5857988171875 0.7493540046875 0.615384615625 0.759689921875 0.621301775 0.7674418609375 0.6331360953125 0.777777778125 0.6331360953125 0.7803617578125001 0.6390532546875 0.793281653125 0.6390532546875 0.7984496125 0.6331360953125 0.7958656328125 0.615384615625 0.7881136953125 0.5917159765625 0.785529715625 0.5562130171875 0.7674418609375 0.520710059375 0.7467700265625 0.520710059375 0.7390180875000001 0.532544378125 0.7338501296875 0.5562130171875 0.7364341078125001 0.562130178125 0.7390180875000001 0.5857988171875
0 0.9069767437499999 0.7218934906250001 0.9147286828125001 0.7396449703125 0.9224806203125 0.7455621296875 0.9276485781250001 0.75739645 0.9457364343749999 0.75739645 0.9483204140625 0.7514792906250001 0.9638242890625 0.7514792906250001 0.9689922484375 0.7455621296875 0.97416020625 0.7337278109375001 0.97416020625 0.7278106515625 0.9405684750000001 0.656804734375 0.9250646 0.656804734375 0.9224806203125 0.66272189375 0.912144703125 0.66272189375 0.9018087859374999 0.6923076921875 0.9069767437499999 0.7218934906250001
0 0.8217054265625 0.9112426031249999 0.8372093015625 0.9289940828125 0.8578811375000001 0.9230769234375 0.8656330750000001 0.90532544375 0.8656330750000001 0.8816568046875 0.8682170546875 0.8698224859374999 0.8656330750000001 0.863905325 0.8552971578124999 0.857988165625 0.8501291984374999 0.846153846875 0.8320413437499999 0.846153846875 0.8217054265625 0.857988165625 0.8165374671875 0.8698224859374999 0.8139534890625001 0.8875739640625 0.8217054265625 0.9112426031249999
0 0.054263565624999996 0.378698225 0.0749354 0.4319526625 0.080103359375 0.4319526625 0.0826873390625 0.42011834375 0.10335917343750001 0.3964497046875 0.10077519374999999 0.384615384375 0.10077519374999999 0.3668639046875 0.0852713171875 0.331360946875 0.080103359375 0.32544378749999997 0.0749354 0.32544378749999997 0.072351421875 0.331360946875 0.062015503125 0.331360946875 0.054263565624999996 0.34911242656249997 0.054263565624999996 0.378698225
0 0.0852713171875 0.437869821875 0.0775193796875 0.437869821875 0.0775193796875 0.45562130156249997 0.0852713171875 0.479289940625 0.0904392765625 0.5088757390625 0.105943153125 0.5147929 0.1162790703125 0.49704142031250004 0.1162790703125 0.467455621875 0.11369509062500001 0.4615384609375 0.11369509062500001 0.437869821875 0.10335917343750001 0.40828402343750003 0.10335917343750001 0.4023668640625 0.0981912140625 0.4023668640625 0.095607234375 0.41420118281249996 0.0904392765625 0.42011834375 0.0904392765625 0.42603550312499994 0.0852713171875 0.437869821875