3 0.1585365859375 0.6213333328124999 0.185365853125 0.6266666671875 0.185365853125 0.6373333328124999 0.17317073125 0.6426666671875 0.1560975609375 0.6719999999999999 0.21951219531250002 0.72 0.25121951249999996 0.7173333328125 0.27317073125 0.6613333328125 0.2951219515625 0.6773333328125 0.2926829265625 0.688 0.30243902500000003 0.7013333328125 0.3292682921875 0.6826666671875 0.3707317078125 0.6346666671875 0.3658536578125 0.6106666671875 0.336585365625 0.592 0.2073170734375 0.592 0.1951219515625 0.592 0.14146341406250001 0.5973333328125 0.12682926875 0.6133333328125 0.14146341406250001 0.6293333328124999 0.1585365859375 0.6213333328124999
3 0.18292682968750001 0.5386666671875 0.17560975625 0.5466666671875 0.1292682921875 0.5386666671875 0.12682926875 0.5493333328125 0.24390243906250003 0.5519999999999999 0.2414634140625 0.5413333328125 0.3560975609375 0.5493333328125 0.3585365859375 0.5333333328125 0.3414634140625 0.5093333328125 0.32682926874999996 0.5093333328125 0.309756096875 0.5306666671875 0.3 0.5226666671875 0.3170731703125 0.48266666718750006 0.2926829265625 0.4533333328125 0.2951219515625 0.44266666718750003 0.2804878046875 0.44266666718750003 0.185365853125 0.472 0.1585365859375 0.496 0.160975609375 0.512 0.18292682968750001 0.5386666671875
3 0.7170731703125 0.624 0.7170731703125 0.6373333328124999 0.687804878125 0.6559999999999999 0.687804878125 0.6666666671875 0.7439024390625 0.7146666671874999 0.787804878125 0.7146666671874999 0.8268292687500001 0.704 0.836585365625 0.6533333328125 0.8658536578125 0.6693333328125 0.897560975 0.632 0.9 0.608 0.8902439031249999 0.592 0.8390243906249999 0.5893333328125 0.8243902437499999 0.6 0.7951219515625 0.6026666671875 0.7829268296875 0.5893333328125 0.7560975609375 0.5893333328125 0.7439024390625 0.5893333328125 0.7195121953125 0.5893333328125 0.67560975625 0.6053333328125 0.6926829265625 0.6213333328124999 0.7170731703125 0.624
3 0.7170731703125 0.5333333328125 0.6926829265625 0.5333333328125 0.6926829265625 0.5066666671875 0.6682926828125 0.5413333328125 0.6926829265625 0.5493333328125 0.712195121875 0.5413333328125 0.72195121875 0.5493333328125 0.7829268296875 0.5493333328125 0.82195121875 0.5386666671875 0.8414634140624999 0.5493333328125 0.8804878046875 0.5519999999999999 0.8682926828124999 0.5146666671875 0.8390243906249999 0.5226666671875 0.8292682921875001 0.512 0.8341463421875 0.48 0.809756096875 0.45599999999999996 0.787804878125 0.45599999999999996 0.739024390625 0.46666666718750005 0.739024390625 0.5013333328125 0.72195121875 0.5146666671875 0.7170731703125 0.5333333328125
0 0.5560975609375001 0.192 0.5634146343750001 0.184 0.6048780484375 0.184 0.6341463421875 0.152 0.6292682921874999 0.1386666671875 0.609756096875 0.1386666671875 0.57560975625 0.12 0.5731707312500001 0.12 0.5463414640625001 0.128 0.5317073171875 0.14666666718750002 0.5317073171875 0.1573333328125 0.5560975609375001 0.192
0 0.660975609375 0.0986666671875 0.697560975 0.0933333328125 0.709756096875 0.072 0.709756096875 0.0453333328125 0.702439025 0.0346666671875 0.697560975 0.0346666671875 0.6536585359375 0.0506666671875 0.639024390625 0.07466666718750001 0.6414634140625 0.088 0.660975609375 0.0986666671875
0 0.7707317078125 0.1146666671875 0.802439025 0.096 0.8121951218750001 0.06933333281250001 0.8073170734374999 0.0533333328125 0.790243903125 0.0426666671875 0.7707317078125 0.0426666671875 0.739024390625 0.064 0.7317073171875 0.088 0.736585365625 0.1173333328125 0.7707317078125 0.1146666671875
0 0.6585365859375 0.2906666671875 0.7048780484375 0.264 0.7073170734375 0.248 0.6902439031250001 0.2266666671875 0.6682926828125 0.21600000000000003 0.6439024390625 0.21600000000000003 0.636585365625 0.2026666671875 0.62682926875 0.2026666671875 0.6170731703125 0.2186666671875 0.6170731703125 0.23733333281250002 0.6439024390625 0.2853333328125 0.6585365859375 0.2906666671875
0 0.914634146875 0.352 0.9463414640625001 0.32 0.9414634140624999 0.304 0.9195121953125 0.29333333281249996 0.9060975609374999 0.29333333281249996 0.8780487812500001 0.2986666671875 0.8682926828124999 0.31466666718749997 0.8804878046875 0.3653333328125 0.914634146875 0.352
0 0.8609756093750001 0.512 0.8951219515625001 0.488 0.9073170734374999 0.44266666718750003 0.9 0.42933333281249997 0.887804878125 0.42933333281249997 0.8487804875 0.44266666718750003 0.8341463421875 0.49866666718749997 0.8390243906249999 0.5146666671875 0.8609756093750001 0.512
0 0.7292682921875 0.4933333328125 0.7341463421875 0.45066666718750004 0.712195121875 0.41333333281250006 0.7 0.41333333281250006 0.687804878125 0.42933333281249997 0.6829268296875 0.4933333328125 0.7195121953125 0.5066666671875 0.7292682921875 0.4933333328125
0 0.6463414640625 0.504 0.67317073125 0.49066666718749996 0.685365853125 0.45866666718750004 0.685365853125 0.42400000000000004 0.67560975625 0.41600000000000004 0.67317073125 0.41600000000000004 0.6463414640625 0.4266666671875 0.62682926875 0.4453333328125 0.602439025 0.5066666671875 0.6463414640625 0.504
0 0.3292682921875 0.4026666671875 0.32682926874999996 0.37066666718749997 0.314634146875 0.352 0.3048780484375 0.352 0.27804878125 0.376 0.2585365859375 0.44000000000000006 0.312195121875 0.4373333328125 0.3292682921875 0.4026666671875
0 0.37317073125 0.5146666671875 0.40243902499999995 0.4933333328125 0.4048780484375 0.4613333328125 0.37317073125 0.44800000000000006 0.3682926828125 0.44800000000000006 0.3292682921875 0.4693333328125 0.30243902500000003 0.5226666671875 0.32682926874999996 0.5093333328125 0.37317073125 0.5146666671875
0 0.17804878125 0.5413333328125 0.17560975625 0.5253333328124999 0.1560975609375 0.5093333328125 0.1536585359375 0.488 0.136585365625 0.46666666718750005 0.0926829265625 0.45066666718750004 0.090243903125 0.44800000000000006 0.0804878046875 0.45599999999999996 0.0804878046875 0.5066666671875 0.12439024375 0.536 0.17804878125 0.5413333328125
0 0.053658535937499995 0.6559999999999999 0.051219512499999995 0.6693333328125 0.090243903125 0.6933333328125 0.12682926875 0.6933333328125 0.1804878046875 0.6373333328124999 0.1804878046875 0.6293333328124999 0.1682926828125 0.624 0.1658536578125 0.624 0.14634146406249998 0.6346666671875 0.11951219531249999 0.6266666671875 0.087804878125 0.632 0.053658535937499995 0.6559999999999999
0 0.051219512499999995 0.5946666671874999 0.060975609374999996 0.6053333328125 0.063414634375 0.6213333328124999 0.0682926828125 0.6213333328124999 0.0707317078125 0.6186666671875 0.0804878046875 0.6186666671875 0.090243903125 0.6133333328125 0.112195121875 0.6133333328125 0.114634146875 0.6106666671875 0.12439024375 0.608 0.1292682921875 0.6026666671875 0.139024390625 0.5973333328125 0.1487804875 0.5973333328125 0.1585365859375 0.592 0.1560975609375 0.5893333328125 0.136585365625 0.5893333328125 0.1341463421875 0.5866666671874999 0.1170731703125 0.5866666671874999 0.114634146875 0.5893333328125 0.112195121875 0.5866666671874999 0.0926829265625 0.5866666671874999 0.090243903125 0.5893333328125 0.053658535937499995 0.5893333328125 0.051219512499999995 0.592 0.051219512499999995 0.5946666671874999
0 0.090243903125 0.5599999999999999 0.09756097500000001 0.5546666671875 0.1048780484375 0.5573333328125 0.10731707343750001 0.5519999999999999 0.10243902499999999 0.5493333328125 0.090243903125 0.5493333328125 0.07804878125 0.5493333328125 0.066666665625 0.5555555546875001 0.0682926828125 0.5573333328125 0.07560975625000001 0.5573333328125 0.07804878125 0.5599999999999999 0.090243903125 0.5599999999999999
0 0.3487804875 0.6026666671875 0.3536585359375 0.608 0.3560975609375 0.6213333328124999 0.3707317078125 0.6373333328124999 0.3804878046875 0.64 0.387804878125 0.648 0.4048780484375 0.648 0.4073170734375 0.6453333328124999 0.41951219531249995 0.6453333328124999 0.42195121875 0.6426666671875 0.42682926875 0.6426666671875 0.43902439062500004 0.6293333328124999 0.43902439062500004 0.6106666671875 0.42682926875 0.5946666671874999 0.42439024375 0.5946666671874999 0.414634146875 0.5866666671874999 0.360975609375 0.5866666671874999 0.3585365859375 0.5893333328125 0.3487804875 0.5893333328125 0.3463414640625 0.5866666671874999 0.336585365625 0.5866666671874999 0.3341463421875 0.5893333328125 0.3292682921875 0.5893333328125 0.3292682921875 0.592 0.3487804875 0.6026666671875
0 0.47804878124999994 0.8853333328125 0.49512195156249994 0.8720000000000001 0.497560975 0.8506666671875 0.4829268296875 0.8106666671875 0.463414634375 0.792 0.4487804875 0.792 0.41951219531249995 0.792 0.4073170734375 0.808 0.42195121875 0.8453333328125 0.47804878124999994 0.8853333328125
0 0.8609756093750001 0.7493333328125 0.9 0.7466666671875 0.909756096875 0.7333333328125 0.9048780484375 0.7146666671874999 0.8829268296875 0.6853333328125 0.8585365859375 0.6773333328125 0.8414634140624999 0.6613333328125 0.8390243906249999 0.6586666671875 0.8317073171875 0.6719999999999999 0.8341463421875 0.696 0.8512195124999999 0.7386666671875 0.8609756093750001 0.7493333328125
0 0.6341463421875 0.6693333328125 0.67560975625 0.6613333328125 0.714634146875 0.6373333328124999 0.714634146875 0.6293333328124999 0.6512195125 0.608 0.639024390625 0.608 0.6170731703125 0.6133333328125 0.6073170734375 0.6266666671875 0.609756096875 0.6426666671875 0.6341463421875 0.6693333328125
0 0.663414634375 0.6053333328125 0.7 0.592 0.6829268296875 0.584 0.6317073171875001 0.584 0.6292682921874999 0.5813333328125 0.6 0.5866666671874999 0.6 0.6026666671875 0.6073170734375 0.5973333328125 0.663414634375 0.6053333328125
2 0.23902439062499997 0.576 0.2317073171875 0.5546666671875 0.0073170734375 0.5546666671875 0 0.5546666671875 0.0048780484375 0.592 0.063414634375 0.584 0.22439024375 0.5866666671874999 0.23902439062499997 0.576
2 0.9975609750000001 0.5866666671874999 0.9975609750000001 0.5546666671875 0.8853658531249999 0.5546666671875 0.8829268296875 0.5546666671875 0.8292682921875001 0.5573333328125 0.8195121953125 0.5733333328125 0.8439024390625001 0.584 0.9975609750000001 0.5866666671874999
2 0.27804878125 0.584 0.5365853656249999 0.5813333328125 0.5487804875 0.592 0.5512195125 0.584 0.6804878046875 0.576 0.697560975 0.584 0.785365853125 0.584 0.8 0.5733333328125 0.785365853125 0.5546666671875 0.62439024375 0.5599999999999999 0.5536585359374999 0.5519999999999999 0.5487804875 0.544 0.5292682921874999 0.5413333328125 0.52682926875 0.5413333328125 0.5121951218749999 0.5519999999999999 0.27804878125 0.5493333328125 0.26829268281249996 0.576 0.27804878125 0.584
0 0.62682926875 0.5333333328125 0.6121951218749999 0.5333333328125 0.6 0.5386666671875 0.5951219515624999 0.5519999999999999 0.6682926828125 0.5519999999999999 0.62682926875 0.5333333328125