3 0.1580459765625 0.792569659375 0.2528735625 0.7770897828125001 0.235632184375 0.74303405625 0.23850574687499998 0.6965944265624999 0.25 0.6934984515625 0.2528735625 0.7337461296875001 0.28735632187500004 0.7337461296875001 0.32183907968750003 0.699690403125 0.33045977031249996 0.671826625 0.32183907968750003 0.6408668734375 0.3045977015625 0.6377708984375 0.2586206890625 0.6377708984375 0.2557471265625 0.6470588234375 0.24425287343750002 0.6377708984375 0.23850574687499998 0.6532507734374999 0.20977011562499998 0.659442725 0.21264367812499999 0.6501547984375 0.1982758625 0.6346749218750001 0.0948275859375 0.631578946875 0.0804597703125 0.631578946875 0.048850575 0.6346749218750001 0.0689655171875 0.705882353125 0.10632183906249999 0.75541795625 0.1580459765625 0.792569659375
3 0.07471264375 0.58513931875 0.07758620625 0.5727554171875 0.10057471250000001 0.5603715171875 0.12931034531250002 0.5572755421875 0.137931034375 0.5294117640625 0.1580459765625 0.541795665625 0.1666666671875 0.535603715625 0.1666666671875 0.5139318890625 0.17528735625 0.5232198140625 0.21551724062500002 0.5108359140625 0.21551724062500002 0.4860681109375 0.2040229890625 0.4860681109375 0.1206896546875 0.5077399375 0.08620689687500001 0.535603715625 0.06034482812500001 0.58513931875 0.07471264375 0.58513931875
3 0.3045977015625 0.5913312687500001 0.28735632187500004 0.547987615625 0.25 0.5139318890625 0.24712643750000002 0.5139318890625 0.24425287343750002 0.547987615625 0.2586206890625 0.5696594421875 0.2528735625 0.58513931875 0.3045977015625 0.5913312687500001
3 0.6954022984375 0.6130030953125 0.712643678125 0.622291021875 0.787356321875 0.622291021875 0.7959770109375001 0.6099071203124999 0.7959770109375001 0.6377708984375 0.7816091953125001 0.6408668734375 0.77586206875 0.659442725 0.637931034375 0.65634675 0.6465517234375 0.715170278125 0.6609195406249999 0.74613003125 0.7040229890624999 0.7956656343749999 0.715517240625 0.7956656343749999 0.7212643671875 0.8111455109374999 0.7442528734375 0.8173374609374999 0.75 0.8390092875 0.761494253125 0.8390092875 0.7701149421875 0.8235294124999999 0.7557471265625 0.8235294124999999 0.7586206890625 0.8080495359375 0.7931034484375 0.801857584375 0.8074712640625 0.8204334359375001 0.8132183906250001 0.8080495359375 0.8247126437500001 0.8080495359375 0.8247126437500001 0.789473684375 0.8793103453125 0.715170278125 0.87356321875 0.6625387 0.8333333328125001 0.659442725 0.82758620625 0.6439628484375 0.8333333328125001 0.628482971875 0.862068965625 0.622291021875 0.8534482765625 0.58204334375 0.7816091953125001 0.5201238390625 0.764367815625 0.5201238390625 0.6954022984375 0.535603715625 0.635057471875 0.6068111453125 0.6408045984374999 0.616099071875 0.6954022984375 0.6130030953125
0 0.1781609203125 0.1857585140625 0.2040229890625 0.1857585140625 0.21264367812499999 0.1578947375 0.1982758625 0.126934984375 0.1494252875 0.1052631578125 0.135057471875 0.1052631578125 0.12931034531250002 0.11145510781250001 0.15229885 0.1486068109375 0.1494252875 0.1671826625 0.1781609203125 0.1857585140625
0 0.7442528734375 0.1052631578125 0.7413793109375 0.07430340625000001 0.7298850578125 0.0588235296875 0.712643678125 0.0588235296875 0.6896551718749999 0.08049535625000001 0.6925287359375 0.120743034375 0.7068965515625 0.1424148609375 0.7442528734375 0.1052631578125
0 0.5316091953125001 0.204334365625 0.514367815625 0.19504643906250002 0.4913793109375 0.19504643906250002 0.4913793109375 0.2383900921875 0.52298850625 0.26006191875 0.5459770109375001 0.22910216718749998 0.5316091953125001 0.204334365625
0 0.5287356328125 0.30340557343749996 0.5517241375 0.300309596875 0.5747126437500001 0.28173374687499997 0.5747126437500001 0.24458204375 0.563218390625 0.23219814218749998 0.5459770109375001 0.23219814218749998 0.52298850625 0.25077399375 0.5086206890625 0.24767801875 0.52586206875 0.26625387031250003 0.5287356328125 0.30340557343749996
0 0.87643678125 0.24148606875 0.836206896875 0.207430340625 0.8160919546875001 0.207430340625 0.8045977015625001 0.2260061921875 0.8132183906250001 0.25077399375 0.84770115 0.27244582031250003 0.87643678125 0.24148606875
0 0.686781609375 0.4055727546875 0.72701149375 0.3900928796875 0.7298850578125 0.34674922656249996 0.712643678125 0.34674922656249996 0.6954022984375 0.34674922656249996 0.67241379375 0.368421053125 0.6839080453124999 0.41486068125 0.686781609375 0.4055727546875
0 0.709770115625 0.5015479875 0.7298850578125 0.48916408593750005 0.738505746875 0.44891640937500005 0.7298850578125 0.4365325078125 0.72701149375 0.4365325078125 0.6781609203125 0.461300309375 0.6752873562499999 0.4860681109375 0.6839080453124999 0.49845201250000004 0.709770115625 0.5015479875
0 0.3706896546875 0.40247677968750006 0.3793103453125 0.3591331265625 0.3706896546875 0.3498452015625 0.34770115 0.3498452015625 0.336206896875 0.3498452015625 0.32758620625 0.3591331265625 0.32471264375 0.3962848296875 0.336206896875 0.4055727546875 0.3706896546875 0.40247677968750006
0 0.28735632187500004 0.41795665625 0.2787356328125 0.36532507812500004 0.2701149421875 0.3560371515625 0.22988505781250002 0.3498452015625 0.2183908046875 0.3498452015625 0.2183908046875 0.374613003125 0.235632184375 0.41486068125 0.2528735625 0.4272445828125 0.28735632187500004 0.41795665625
0 0.22701149375 0.4829721359375 0.24425287343750002 0.467492259375 0.24425287343750002 0.4365325078125 0.20977011562499998 0.40247677968750006 0.189655171875 0.40247677968750006 0.1781609203125 0.41795665625 0.1781609203125 0.452012384375 0.189655171875 0.4736842109375 0.22701149375 0.4829721359375
0 0.23850574687499998 0.75541795625 0.25 0.7647058828125 0.2528735625 0.7708978328125 0.298850575 0.7956656343749999 0.31034482812499997 0.792569659375 0.32183907968750003 0.783281734375 0.32758620625 0.7708978328125 0.32758620625 0.7616099078125 0.32471264375 0.75541795625 0.3074712640625 0.7368421046875 0.3017241375 0.7337461296875001 0.2701149421875 0.7337461296875001 0.2672413796875 0.7368421046875 0.2557471265625 0.7368421046875 0.24712643750000002 0.7306501546875 0.24137931093749998 0.7306501546875 0.2327586203125 0.7399380812499999 0.2327586203125 0.74613003125 0.23850574687499998 0.7523219812499999 0.23850574687499998 0.75541795625
0 0.1695402296875 0.873065015625 0.17241379375000002 0.876160990625 0.17528735625 0.8947368421874999 0.189655171875 0.9102167187499999 0.1925287359375 0.9102167187499999 0.2040229890625 0.9195046437500001 0.21264367812499999 0.9195046437500001 0.22413793124999998 0.91331269375 0.2327586203125 0.91331269375 0.235632184375 0.9102167187499999 0.24137931093749998 0.9102167187499999 0.24712643750000002 0.9040247671874999 0.24712643750000002 0.8916408671875 0.23850574687499998 0.8823529406249999 0.23850574687499998 0.8699690406249999 0.2327586203125 0.8637770890625 0.2327586203125 0.8606811140625 0.2183908046875 0.8482972140625 0.19971264375 0.8482972140625 0.1810344828125 0.8482972140625 0.17528735625 0.8513931890625 0.1695402296875 0.8637770890625 0.1695402296875 0.873065015625
0 0.8074712640625 0.8235294124999999 0.8132183906250001 0.8297213625 0.8247126437500001 0.8328173375000001 0.82758620625 0.8359133125 0.84770115 0.8359133125 0.8591954015625 0.8297213625 0.864942528125 0.8235294124999999 0.864942528125 0.801857584375 0.862068965625 0.7956656343749999 0.84770115 0.783281734375 0.8333333328125001 0.783281734375 0.8189655171875 0.7956656343749999 0.8074712640625 0.7956656343749999 0.8017241374999999 0.801857584375 0.8074712640625 0.8235294124999999
0 0.9080459765625 0.8297213625 0.9080459765625 0.8328173375000001 0.8936781609375 0.8452012390625001 0.8908045984375 0.8575851390624999 0.887931034375 0.8606811140625 0.887931034375 0.873065015625 0.8908045984375 0.876160990625 0.8908045984375 0.8823529406249999 0.8965517234375 0.8885448921875 0.9195402296875 0.8885448921875 0.92241379375 0.8916408671875 0.9281609203125001 0.8916408671875 0.9310344828125 0.8885448921875 0.9367816093749999 0.8885448921875 0.9425287359375 0.8823529406249999 0.9425287359375 0.876160990625 0.9482758625000001 0.8637770890625 0.9482758625000001 0.8452012390625001 0.951149425 0.8421052625 0.951149425 0.8328173375000001 0.9425287359375 0.8142414859375 0.939655171875 0.8142414859375 0.9252873562499999 0.8266253875 0.92241379375 0.8235294124999999 0.913793103125 0.8235294124999999 0.9080459765625 0.8297213625
0 0.72701149375 0.8421052625 0.7212643671875 0.8421052625 0.7183908046874999 0.8482972140625 0.7040229890624999 0.8513931890625 0.7040229890624999 0.8606811140625 0.7068965515625 0.866873065625 0.715517240625 0.873065015625 0.7413793109375 0.873065015625 0.7471264375 0.8699690406249999 0.7701149421875 0.8452012390625001 0.77298850625 0.8390092875 0.77298850625 0.8235294124999999 0.761494253125 0.8235294124999999 0.7586206890625 0.8266253875 0.7471264375 0.8266253875 0.735632184375 0.8328173375000001 0.72701149375 0.8421052625
0 0.6752873562499999 0.8452012390625001 0.6781609203125 0.8482972140625 0.6781609203125 0.8544891640625 0.6839080453124999 0.8575851390624999 0.6896551718749999 0.8544891640625 0.701149425 0.8544891640625 0.701149425 0.8513931890625 0.709770115625 0.8421052625 0.7212643671875 0.8390092875 0.72413793125 0.8359133125 0.72701149375 0.8390092875 0.738505746875 0.8266253875 0.7442528734375 0.8266253875 0.7183908046874999 0.801857584375 0.6982758625 0.801857584375 0.6925287359375 0.8080495359375 0.6896551718749999 0.8080495359375 0.6752873562499999 0.8266253875 0.6752873562499999 0.8452012390625001
0 0.709770115625 0.75851393125 0.712643678125 0.7647058828125 0.7183908046874999 0.7678018578125 0.72413793125 0.7770897828125001 0.7327586203124999 0.7770897828125001 0.735632184375 0.7801857578125 0.75 0.7801857578125 0.7528735625 0.7770897828125001 0.761494253125 0.7770897828125001 0.764367815625 0.7739938078125 0.784482759375 0.7708978328125 0.7931034484375 0.7647058828125 0.7931034484375 0.7616099078125 0.790229884375 0.75851393125 0.784482759375 0.75851393125 0.77586206875 0.74922600625 0.77586206875 0.74613003125 0.7701149421875 0.74303405625 0.761494253125 0.74303405625 0.7528735625 0.7368421046875 0.7413793109375 0.7368421046875 0.738505746875 0.7337461296875001 0.735632184375 0.7368421046875 0.7212643671875 0.7368421046875 0.709770115625 0.74613003125 0.709770115625 0.75851393125
0 0.7586206890625 0.57894736875 0.7701149421875 0.58823529375 0.77586206875 0.58823529375 0.7816091953125001 0.57894736875 0.790229884375 0.5913312687500001 0.8017241374999999 0.58823529375 0.810344828125 0.57894736875 0.8074712640625 0.5665634671875 0.8017241374999999 0.5634674921875 0.787356321875 0.5448916406250001 0.7816091953125001 0.5448916406250001 0.7787356328125 0.547987615625 0.77586206875 0.5448916406250001 0.764367815625 0.5448916406250001 0.7586206890625 0.551083590625 0.7557471265625 0.551083590625 0.75 0.5603715171875 0.7586206890625 0.57894736875
0 0.25 0.6842105265625 0.24137931093749998 0.6904024765625 0.24137931093749998 0.712074303125 0.24425287343750002 0.715170278125 0.24425287343750002 0.7213622296875 0.25 0.7244582046875 0.264367815625 0.7244582046875 0.2672413796875 0.7213622296875 0.27298850625000004 0.7213622296875 0.2787356328125 0.715170278125 0.2787356328125 0.712074303125 0.284482759375 0.708978328125 0.284482759375 0.702786378125 0.28735632187500004 0.699690403125 0.28735632187500004 0.6749226 0.27298850625000004 0.6625387 0.264367815625 0.6625387 0.2586206890625 0.665634675 0.2557471265625 0.6749226 0.25 0.6780185765625 0.25 0.6842105265625
2 0 0.625386996875 0.0086206890625 0.628482971875 0.189655171875 0.6346749218750001 0.20114942500000002 0.622291021875 0.1954022984375 0.5975232203124999 0.08620689687500001 0.6037151703125 0.028735632812500002 0.58823529375 0.014367815624999999 0.58823529375 0 0.58823529375 0 0.625386996875
2 0.9971264375000001 0.631578946875 0.8563218390625 0.625386996875 0.8448275859375001 0.625386996875 0.8304597703125 0.6501547984375 0.8419540234375 0.659442725 0.9971264375000001 0.66873065 0.9971264375000001 0.631578946875
2 0.7959770109375001 0.6532507734374999 0.798850575 0.6377708984375 0.790229884375 0.622291021875 0.27298850625000004 0.5975232203124999 0.2701149421875 0.5975232203124999 0.24425287343750002 0.6037151703125 0.24425287343750002 0.6346749218750001 0.7471264375 0.65634675 0.7959770109375001 0.6532507734374999