3 0.5572916671875 0.5709459453125 0.5625 0.58108108125 0.5885416671875 0.58108108125 0.5989583328125 0.5979729734375 0.6510416671875 0.574324325 0.8697916671874999 0.577702703125 0.8541666671874999 0.533783784375 0.8125 0.5 0.7291666671875 0.5304054046875 0.7083333328125 0.5168918921875 0.7395833328125 0.46283783749999996 0.7291666671875 0.44932432499999997 0.6822916671875 0.4459459453125 0.671875 0.4459459453125 0.5052083328125 0.46959459531250003 0.375 0.550675675 0.375 0.5675675671875 0.5572916671875 0.5709459453125
3 0.5625 0.6554054046875 0.53125 0.625 0.46875 0.635135134375 0.515625 0.6418918921875 0.5 0.6554054046875 0.5052083328125 0.672297296875 0.5416666671875 0.6959459453125 0.5885416671875 0.70608108125 0.59375 0.7229729734375 0.609375 0.702702703125 0.625 0.7128378375 0.6822916671875 0.7128378375 0.6979166671875 0.6925675671875 0.734375 0.6858108109375001 0.7760416671875 0.658783784375 0.8333333328125001 0.6621621625 0.8541666671874999 0.675675675 0.8854166671874999 0.675675675 0.8958333328125001 0.665540540625 0.8958333328125001 0.635135134375 0.8802083328125001 0.625 0.640625 0.625 0.59375 0.6114864859375 0.5852272703125 0.625307125 0.59375 0.6418918921875 0.625 0.635135134375 0.6510416671875 0.6418918921875 0.65625 0.6554054046875 0.6197916671875 0.665540540625 0.5625 0.6554054046875
3 0.5260416671875 0.702702703125 0.5 0.7195945953125 0.4947916671875 0.6891891890624999 0.453125 0.6925675671875 0.4479166671875 0.6891891890624999 0.4270833328125 0.7128378375 0.4791666671875 0.7466216218749999 0.5104166671875 0.7466216218749999 0.5260416671875 0.702702703125
0 0.6302083328125 0.165540540625 0.65625 0.175675675 0.65625 0.18918918906249999 0.703125 0.165540540625 0.75 0.15878378437500001 0.765625 0.121621621875 0.7291666671875 0.08108108124999999 0.6822916671875 0.0608108109375 0.6145833328125 0.050675674999999996 0.5833333328125 0.050675674999999996 0.5677083328125 0.0608108109375 0.5989583328125 0.11148648593749999 0.6458333328125 0.1520270265625 0.6302083328125 0.165540540625
0 0.4427083328125 0.32432432499999997 0.5208333328125 0.31081081093749996 0.578125 0.2804054046875 0.578125 0.260135134375 0.4739583328125 0.23986486562499998 0.4375 0.23986486562499998 0.359375 0.2668918921875 0.359375 0.297297296875 0.390625 0.3209459453125 0.4427083328125 0.32432432499999997
0 0.7239583328125 0.5202702703125001 0.8229166671874999 0.48648648593750005 0.875 0.4391891890625 0.859375 0.3885135140625 0.8072916671874999 0.3547297296875 0.796875 0.3547297296875 0.7447916671875 0.408783784375 0.75 0.4729729734375 0.7135416671875 0.5 0.7239583328125 0.5202702703125001
0 0.40625 0.5304054046875 0.4791666671875 0.47972972968749994 0.4635416671875 0.4358108109375 0.4270833328125 0.415540540625 0.4166666671875 0.415540540625 0.3229166671875 0.466216215625 0.3020833328125 0.5 0.3229166671875 0.533783784375 0.40625 0.5304054046875
0 0.2552083328125 0.54391891875 0.2916666671875 0.45270270312500005 0.203125 0.3918918921875 0.1979166671875 0.3885135140625 0.15625 0.4324324328125 0.1458333328125 0.4763513515625 0.1979166671875 0.5371621625 0.2552083328125 0.54391891875
0 0.4791666671875 0.364864865625 0.4791666671875 0.3513513515625 0.4270833328125 0.327702703125 0.3854166671875 0.327702703125 0.34375 0.3581081078125 0.3958333328125 0.385135134375 0.4427083328125 0.385135134375 0.4791666671875 0.364864865625
0 0.2708333328125 0.6824324328125 0.3229166671875 0.6790540546875 0.3229166671875 0.6621621625 0.3020833328125 0.6621621625 0.3020833328125 0.6182432437500001 0.2864583328125 0.614864865625 0.2591145828125 0.614864865625 0.1666666671875 0.6182432437500001 0.1614583328125 0.6959459453125 0.22395833281250002 0.699324325 0.2708333328125 0.6824324328125
0 0.4114583328125 0.709459459375 0.4739583328125 0.66891891875 0.46875 0.6452702703125001 0.4427083328125 0.6317567562499999 0.4375 0.6317567562499999 0.34375 0.66891891875 0.3125 0.70608108125 0.3177083328125 0.7263513515625 0.4114583328125 0.709459459375
0 0.453125 0.88175675625 0.5 0.8918918921874999 0.5416666671875 0.8885135140625 0.5729166671875 0.8614864859375 0.5677083328125 0.7364864859375 0.546875 0.7229729734375 0.5416666671875 0.7229729734375 0.53125 0.7466216218749999 0.4791666671875 0.783783784375 0.453125 0.8378378375000001 0.453125 0.88175675625
0 0.6614583328125 0.9054054046875001 0.7083333328125 0.8614864859375 0.7083333328125 0.8141891890625 0.6354166671875 0.7263513515625 0.625 0.7263513515625 0.5833333328125 0.790540540625 0.578125 0.8614864859375 0.625 0.8986486484375 0.6614583328125 0.9054054046875001
0 0.8645833328125001 0.8175675671875 0.8645833328125001 0.7702702703125001 0.828125 0.7263513515625 0.7291666671875 0.699324325 0.7135416671875 0.699324325 0.7447916671875 0.8175675671875 0.7760416671875 0.8445945953124999 0.8229166671874999 0.8513513515625 0.8645833328125001 0.8175675671875
0 0.8125 0.702702703125 0.84375 0.7229729734375 0.8541666671874999 0.7466216218749999 0.9010416671874999 0.7804054046875 0.9322916671874999 0.7804054046875 0.9635416671874999 0.790540540625 0.9739583328125001 0.7871621625 0.9947916671874999 0.7871621625 0.9947916671874999 0.7229729734375 0.984375 0.7128378375 0.9375 0.6858108109375001 0.9270833328125001 0.6858108109375001 0.921875 0.6824324328125 0.859375 0.6824324328125 0.8333333328125001 0.675675675 0.8229166671874999 0.66891891875 0.78125 0.66891891875 0.7708333328125 0.675675675 0.7708333328125 0.6824324328125 0.796875 0.699324325 0.8125 0.702702703125
2 0 0.6114864859375 0.5625 0.6114864859375 0.5572916671875 0.58108108125 0.5416666671875 0.577702703125 0.0052083328125 0.5675675671875 0 0.5675675671875 0 0.6114864859375
2 0.9947916671874999 0.58108108125 0.7083333328125 0.577702703125 0.6822916671875 0.577702703125 0.640625 0.584459459375 0.6458333328125 0.614864865625 0.9947916671874999 0.6216216218749999 0.9947916671874999 0.58108108125