0 0.040880503125 0.11428571406250002 0.0440251578125 0.0938775515625 0.041928721875000005 0.0877551015625 0.014675053125 0.07346938750000001 0.010482179687499999 0.07346938750000001 0.0094339625 0.08367346875000001 0.023060796875 0.11428571406250002 0.032494759375 0.12244897968749999 0.040880503125 0.11428571406250002
0 0.077568134375 0.19183673437499998 0.076519915625 0.17959183750000002 0.06813417187500001 0.1673469390625 0.0660377359375 0.1489795921875 0.050314465625000006 0.1387755109375 0.0471698109375 0.1387755109375 0.0293501046875 0.1428571421875 0.050314465625000006 0.1938775515625 0.07232704375 0.208163265625 0.077568134375 0.19183673437499998
0 0.0985324953125 0.14693877500000002 0.0995807125 0.11836734687499999 0.069182390625 0.0857142859375 0.067085953125 0.0857142859375 0.0649895171875 0.09183673437499999 0.0744234796875 0.128571428125 0.0880503140625 0.1489795921875 0.0985324953125 0.14693877500000002
0 0.104821803125 0.09183673437499999 0.0995807125 0.07346938750000001 0.0849056609375 0.046938775 0.08176100625 0.046938775 0.08176100625 0.0938775515625 0.0995807125 0.1204081625 0.1069182390625 0.1061224484375 0.104821803125 0.09183673437499999
0 0.1656184484375 0 0.1572327046875 0.026530612500000002 0.1561844859375 0.0510204078125 0.159329140625 0.06326530625 0.16981132031249999 0.06326530625 0.17400419218750002 0.0510204078125 0.17819706562499998 0.0244897953125 0.1761006296875 0 0.1708595390625 0 0.1656184484375 0
0 0.2085953875 0.153061225 0.222222221875 0.1387755109375 0.22641509375000002 0.1265306125 0.2253668765625 0.065306121875 0.2201257859375 0.053061225000000004 0.213836478125 0.053061225000000004 0.2033542984375 0.0755102046875 0.20754717031249997 0.108163265625 0.2033542984375 0.144897959375 0.2085953875 0.153061225
0 0.18134171875 0 0.17295597499999998 0.059183673437499994 0.17714884687500002 0.0795918375 0.186582809375 0.08367346875000001 0.1928721171875 0.07346938750000001 0.1928721171875 0.0387755109375 0.185534590625 0 0.18134171875 0
0 0.196016771875 0 0.1928721171875 0.0244897953125 0.1928721171875 0.06326530625 0.196016771875 0.0775510203125 0.2033542984375 0.0755102046875 0.213836478125 0.0428571421875 0.21174004218750003 0.0204081625 0.205450734375 0 0.196016771875 0
0 0.47379455000000004 0.07346938750000001 0.4937106921875 0.0612244890625 0.48846960156249997 0.046938775 0.47169811250000004 0.034693878125 0.468553459375 0.034693878125 0.454926625 0.044897959375000004 0.454926625 0.059183673437499994 0.459119496875 0.0673469390625 0.47379455000000004 0.07346938750000001
0 0.51781970625 0.22448979531250002 0.522012578125 0.21836734687499998 0.5241090140625 0.2 0.5209643609375 0.18979591875 0.5073375265625 0.18367346874999999 0.505241090625 0.18367346874999999 0.4968553453125 0.19183673437499998 0.49790356406249997 0.21020408124999998 0.5041928718750001 0.22448979531250002 0.51781970625 0.22448979531250002
0 0.8301886796875 0.134693878125 0.8396226421874999 0.1204081625 0.8406708593750001 0.08367346875000001 0.8375262046874999 0.08367346875000001 0.8176100625 0.11020408125 0.81865828125 0.12244897968749999 0.8249475890625 0.134693878125 0.8301886796875 0.134693878125
0 0.876310271875 0.5673469390625 0.8647798734375 0.5367346937499999 0.85796645625 0.5367346937499999 0.84486373125 0.544897959375 0.849056603125 0.581632653125 0.8700209640625 0.5755102046875 0.876310271875 0.5673469390625
0 0.7106918234374999 0.88979591875 0.7085953875000001 0.8857142859374999 0.7012578609375 0.9 0.705450734375 0.9122448984375 0.7117400421875 0.9040816328125001 0.7106918234374999 0.88979591875
0 0.0293501046875 0.828571428125 0.0345911953125 0.8265306125 0.042976939062500004 0.7938775515625001 0.0440251578125 0.7734693874999999 0.0387840671875 0.7612244890625 0.0345911953125 0.7612244890625 0.0283018875 0.7673469390625 0.020964360937500003 0.791836734375 0.023060796875 0.81632653125 0.0293501046875 0.828571428125
0 0.025157232812500003 0.9489795921875 0.025157232812500003 0.9346938781249999 0.014675053125 0.9040816328125001 0.0094339625 0.9040816328125001 0.0031446546875000003 0.9285714281249999 0.005241090625 0.955102040625 0.012578615625000001 0.9673469390625 0.025157232812500003 0.9489795921875
3 0.24528301875 0.353061225 0.26729559687500004 0.34897959218749997 0.276729559375 0.3571428578125 0.2746331234375 0.371428571875 0.268343815625 0.381632653125 0.23689727500000002 0.38367346874999997 0.2484276734375 0.41020408125 0.24737945468750003 0.43673469374999996 0.2515723265625 0.4612244890625 0.2704402515625 0.48367346875 0.295597484375 0.4795918375 0.313417190625 0.465306121875 0.3364779875 0.4265306125 0.3438155140625 0.4040816328125 0.341719078125 0.3877551015625 0.3343815515625 0.3775510203125 0.2976939203125 0.381632653125 0.28301886718749997 0.3795918375 0.27882599531249996 0.371428571875 0.28092243125 0.344897959375 0.276729559375 0.3387755109375 0.28301886718749997 0.3387755109375 0.286163521875 0.3510204078125 0.332285115625 0.344897959375 0.327044025 0.32040816250000004 0.3197064984375 0.30612244843749997 0.303983228125 0.28367346875 0.295597484375 0.2795918375 0.294549265625 0.2775510203125 0.258909853125 0.297959184375 0.24737945468750003 0.3142857140625 0.2348008390625 0.34693877500000003 0.24528301875 0.353061225
3 0.467505240625 0.408163265625 0.47484276718749996 0.4326530609375 0.5041928718750001 0.4775510203125 0.5303983234375 0.47142857187500004 0.5482180296875 0.4571428578125 0.5681341718749999 0.4142857140625 0.57232704375 0.39387755156250004 0.569182390625 0.37551020468749996 0.5660377359375001 0.3734693875 0.5230607968750001 0.3734693875 0.51781970625 0.36734693906250004 0.5157232703125 0.36734693906250004 0.5062893078124999 0.3734693875 0.4926624734375 0.3693877546875 0.46540880468749996 0.37551020468749996 0.467505240625 0.408163265625
3 0.467505240625 0.3408163265625 0.49790356406249997 0.344897959375 0.5125786156250001 0.334693878125 0.5356394124999999 0.3428571421875 0.5618448640625 0.3408163265625 0.5576519921875 0.3142857140625 0.5293501046875 0.2734693875 0.5251572328125 0.2734693875 0.5 0.2795918375 0.4905660375 0.2877551015625 0.47589098593749996 0.31020408125 0.467505240625 0.3408163265625
3 0.72641509375 0.46734693906249997 0.73584905625 0.4755102046875 0.7693920328125 0.4591836734375 0.79035639375 0.41836734687500005 0.7935010484375 0.3877551015625 0.7893081765625001 0.37551020468749996 0.7536687625 0.381632653125 0.7526205453125 0.3693877546875 0.7515723265625 0.36734693906250004 0.6970649890625 0.3734693875 0.696016771875 0.39387755156250004 0.7033542984375 0.428571428125 0.72641509375 0.46734693906249997
3 0.7515723265625 0.355102040625 0.7557651984375 0.3571428578125 0.7599580718750001 0.3571428578125 0.7599580718750001 0.34897959218749997 0.76415094375 0.344897959375 0.787211740625 0.3408163265625 0.7809224312499999 0.31632653125 0.7578616359375 0.2795918375 0.736897275 0.2775510203125 0.73584905625 0.2775510203125 0.7106918234374999 0.297959184375 0.6939203359375 0.3408163265625 0.7505241093749999 0.344897959375 0.7515723265625 0.355102040625
3 0.9067085953125 0.34693877500000003 0.9654088046875 0.3571428578125 0.9654088046875 0.371428571875 0.960167715625 0.3775510203125 0.9129979031250001 0.3775510203125 0.9056603781250001 0.3857142859375 0.90880503125 0.4142857140625 0.9150943390625 0.43469387812500004 0.941299790625 0.4755102046875 0.9559748421875 0.47346938749999995 0.97274633125 0.4612244890625 0.9842767296874999 0.4408163265625 0.9937106921875 0.41020408125 0.9937106921875 0.38979591875 0.9790356390625 0.381632653125 0.9748427671875 0.3734693875 0.9800838578125 0.355102040625 0.986373165625 0.353061225 0.9832285109375001 0.3306122453125 0.958071278125 0.2877551015625 0.9523060796875 0.2877551015625 0.9350104828125 0.291836734375 0.923480084375 0.30204081562499996 0.9129979031250001 0.32244897968749997 0.9067085953125 0.34693877500000003
1 0.1614255765625 0.4265306125 0.1572327046875 0.45510204062500004 0.1467505234375 0.4857142859375 0.140461215625 0.481632653125 0.12368972812500001 0.4387755109375 0.1111111109375 0.4224489796875 0.09643605937500001 0.41020408125 0.08176100625 0.4142857140625 0.0649895171875 0.4265306125 0.05345911875 0.446938775 0.0471698109375 0.4693877546875 0.048218029687500004 0.5306122453125 0.055555556250000006 0.5591836734375 0.0639413 0.5734693875 0.082809225 0.5897959187499999 0.1257861640625 0.591836734375 0.13102725312500002 0.602040815625 0.1278826 0.6122448984375 0.1299790359375 0.653061225 0.12683438125 0.681632653125 0.140461215625 0.708163265625 0.132075471875 0.7510204078125 0.1341719078125 0.7673469390625 0.1436058703125 0.7795918375 0.18972746406250002 0.8040816328125 0.2211740046875 0.86326530625 0.2348008390625 0.844897959375 0.249475890625 0.802040815625 0.2526205453125 0.7612244890625 0.24737945468750003 0.746938775 0.2211740046875 0.7428571421875 0.2159329140625 0.7510204078125 0.21278825937499998 0.746938775 0.213836478125 0.7387755109375 0.23584905625000002 0.71632653125 0.27253668750000004 0.7204081625 0.3060796640625 0.68979591875 0.3081761 0.6775510203125 0.3029350109375 0.6612244890625 0.2693920328125 0.6428571421875 0.2662473796875 0.6204081625 0.2704402515625 0.6142857140625 0.27253668750000004 0.5959183671875 0.268343815625 0.58367346875 0.26729559687500004 0.5591836734375 0.2578616359375 0.5204081625 0.24109014687500002 0.49591836718750004 0.23165618437500002 0.47142857187500004 0.23584905625000002 0.4591836734375 0.240041928125 0.4591836734375 0.2442348015625 0.44285714218749994 0.2431865828125 0.41020408125 0.240041928125 0.4 0.21907756875 0.3795918375 0.17924528281250002 0.3877551015625 0.17400419218750002 0.3775510203125 0.1635220125 0.37551020468749996 0.158280921875 0.37551020468749996 0.15513626875 0.3775510203125 0.1572327046875 0.40204081562500005 0.1530398328125 0.408163265625 0.1614255765625 0.4265306125
2 0.47379455000000004 0.3734693875 0.4905660375 0.36734693906250004 0.505241090625 0.3734693875 0.5209643609375 0.353061225 0.5167714890624999 0.34693877500000003 0.450733753125 0.344897959375 0.29664570156250003 0.3510204078125 0.286163521875 0.3591836734375 0.2851153046875 0.371428571875 0.29664570156250003 0.3795918375 0.32809224375 0.3734693875 0.47379455000000004 0.3734693875
2 0.6373165625 0.365306121875 0.64570230625 0.3775510203125 0.6477987421875 0.371428571875 0.73584905625 0.371428571875 0.7515723265625 0.36326530625000003 0.7473794546875 0.34897959218749997 0.5283018875 0.344897959375 0.52725366875 0.365306121875 0.5555555562500001 0.371428571875 0.632075471875 0.371428571875 0.6373165625 0.365306121875
2 0.95387840625 0.355102040625 0.76415094375 0.3510204078125 0.7662473796875 0.3734693875 0.9203354296875 0.3795918375 0.9654088046875 0.3734693875 0.95387840625 0.355102040625
2 0.17924528281250002 0.3795918375 0.2662473796875 0.3795918375 0.27358490625 0.371428571875 0.2714884703125 0.355102040625 0.263102725 0.3510204078125 0.13102725312500002 0.3612244890625 0.1299790359375 0.36734693906250004 0.14570230625 0.38367346874999997 0.1614255765625 0.3693877546875 0.17924528281250002 0.3795918375
2 0.1289308171875 0.37551020468749996 0.10901467499999999 0.365306121875 0.058700209375 0.3693877546875 0.05345911875 0.37551020468749996 0.05345911875 0.3877551015625 0.12368972812500001 0.3857142859375 0.1289308171875 0.37551020468749996
2 0 0.3959183671875 0.036687631250000005 0.3959183671875 0.042976939062500004 0.3877551015625 0.037735848437500004 0.3734693875 0.005241090625 0.371428571875 0 0.3734693875 0 0.3959183671875
2 0.9800838578125 0.3612244890625 0.9790356390625 0.3795918375 0.9989517812500001 0.3795918375 0.9989517812500001 0.3591836734375 0.9800838578125 0.3612244890625