0 0.3443526171875 0.1525423734375 0.374655646875 0.12711864374999998 0.3719008265625 0.0932203390625 0.32231405 0.0677966109375 0.286501378125 0.0762711859375 0.2534435265625 0.1073446328125 0.2534435265625 0.1412429375 0.2699724515625 0.1412429375 0.29201101875 0.1610169484375 0.3443526171875 0.1525423734375
0 0.220385675 0.3644067796875 0.2176308546875 0.33898305156249997 0.18181818125 0.3079096046875 0.1515151515625 0.3022598875 0.129476584375 0.31638418125 0.10743801718749998 0.313559321875 0.10743801718749998 0.33898305156249997 0.137741046875 0.384180790625 0.18181818125 0.3898305078125 0.220385675 0.3644067796875
0 0.6225895312499999 0.4661016953125 0.63085399375 0.44632768437500003 0.625344353125 0.40960452031249994 0.6115702484375001 0.384180790625 0.5840220390625 0.3615819203125 0.578512396875 0.3615819203125 0.5537190078124999 0.40112994375 0.5647382921874999 0.4491525421875 0.5812672171875 0.4632768359375 0.6225895312499999 0.4661016953125
0 0.7658402203125 0.4717514125 0.79614325 0.43785310781250003 0.79614325 0.4209039546875 0.7823691453125 0.40677966093749995 0.7382920109375 0.3926553671875 0.7327823687499999 0.3926553671875 0.6997245171875 0.4152542375 0.688705234375 0.45762711874999995 0.72451790625 0.4774011296875 0.7658402203125 0.4717514125
0 0.82644628125 0.5762711859375 0.8650137734375001 0.5367231640625 0.853994490625 0.516949153125 0.8209366390625 0.5056497171875 0.8016528921875 0.5056497171875 0.7575757578125 0.5395480218750001 0.7603305781249999 0.5593220343749999 0.7768595046875 0.5819209046875 0.82644628125 0.5762711859375
0 0.752066115625 0.59887005625 0.7493112953125001 0.5508474578125 0.7190082640625 0.516949153125 0.6942148765625 0.5084745765625 0.6721763078125 0.5084745765625 0.6528925625 0.5197740109375 0.6639118453124999 0.573446328125 0.705234159375 0.5960451984375 0.752066115625 0.59887005625
0 0.3333333328125 0.5762711859375 0.374655646875 0.5395480218750001 0.3719008265625 0.48587570625 0.3608815421875 0.474576271875 0.3471074375 0.474576271875 0.31129476562499997 0.497175140625 0.286501378125 0.5282485875 0.294765840625 0.5819209046875 0.3333333328125 0.5762711859375
0 0.1983471078125 0.5960451984375 0.23691460000000003 0.57062146875 0.2286501375 0.5112994343749999 0.2176308546875 0.5112994343749999 0.1680440765625 0.5282485875 0.1515151515625 0.545197740625 0.137741046875 0.5903954796875001 0.1983471078125 0.5960451984375
0 0.421487603125 0.686440678125 0.46280991718750003 0.6666666671875 0.4738292015625 0.6355932203125 0.4490358125 0.62711864375 0.4352617078125 0.62711864375 0.404958678125 0.629943503125 0.38842975156250004 0.644067796875 0.38842975156250004 0.68361581875 0.421487603125 0.686440678125
0 0.7713498624999999 0.7090395484375 0.7878787875000001 0.6779661015625 0.7272727265625 0.6497175140625 0.72451790625 0.6497175140625 0.6639118453124999 0.7062146890625 0.6556473828125 0.757062146875 0.7382920109375 0.742937853125 0.7713498624999999 0.7090395484375
0 0.5151515156250001 0.8615819203124999 0.52066115625 0.8785310734375 0.5454545453125 0.8587570625 0.55922865 0.8220338984375 0.5537190078124999 0.7627118640624999 0.531680440625 0.728813559375 0.5289256203125 0.728813559375 0.5068870515625 0.757062146875 0.4903581265625 0.8050847453125 0.4903581265625 0.841807909375 0.5151515156250001 0.8615819203124999
0 0.8402203859374999 0.8361581921875001 0.862258953125 0.8079096046875 0.9008264468749999 0.782485875 0.9146005515625 0.7542372875 0.9146005515625 0.7372881359375001 0.9035812671875 0.7231638421875 0.878787878125 0.7203389828125 0.8650137734375001 0.7203389828125 0.83471074375 0.7401129937500001 0.8209366390625 0.7627118640624999 0.8236914593750001 0.799435028125 0.8402203859374999 0.8361581921875001
0 0.9504132234375 0.946327684375 0.955922865625 0.926553671875 0.983471075 0.898305084375 0.9862258953125 0.8757062140625 0.980716253125 0.8644067796874999 0.94490358125 0.8531073453125 0.9283746562499999 0.8531073453125 0.8925619828125001 0.8644067796874999 0.8484848484375 0.9209039546875 0.9118457296875 0.943502825 0.9504132234375 0.946327684375
2 0 0.6186440671875 0.3608815421875 0.6355932203125 0.460055096875 0.629943503125 0.46831955937499997 0.6412429375 0.9972451796874999 0.6497175140625 0.9972451796874999 0.6242937859375 0.539944903125 0.6073446328125 0.41597796093749995 0.6101694921874999 0.2121212125 0.5960451984375 0.1707988984375 0.601694915625 0.0303030296875 0.5875706218750001 0.015151515625 0.5875706218750001 0 0.5875706218750001 0 0.6186440671875