3 0.436274509375 0.98349835 0.46568627500000004 0.9537953796875 0.4779411765625 0.9669966999999999 0.4779411765625 0.9867986796875 0.5 0.9867986796875 0.526960784375 0.9669966999999999 0.5318627453125 0.9801980203125 0.546568628125 0.9801980203125 0.5514705875 0.9636963703125 0.5931372546875 0.9867986796875 0.6274509796875 0.990099009375 0.6102941171875 0.9372937296874999 0.55392156875 0.8844884484375 0.5392156859375 0.8844884484375 0.49754902031250003 0.891089109375 0.46323529375000005 0.9108910890624999 0.40931372499999996 0.98349835 0.436274509375 0.98349835
0 0.1740196078125 0.1749174921875 0.186274509375 0.10561056093750001 0.171568628125 0.06930693125000001 0.1568627453125 0.06930693125000001 0.14215686249999998 0.10231023125000001 0.14215686249999998 0.13531353125 0.1666666671875 0.1749174921875 0.1740196078125 0.1749174921875
0 0.1004901953125 0.23432343281249998 0.117647059375 0.20132013125 0.11519607812499999 0.1584158421875 0.10539215625000001 0.145214521875 0.0857843140625 0.145214521875 0.0661764703125 0.1749174921875 0.0686274515625 0.20132013125 0.0857843140625 0.2376237625 0.1004901953125 0.23432343281249998
0 0.1127450984375 0.4191419140625 0.134803921875 0.3960396046875 0.13970588281250002 0.3498349828125 0.1102941171875 0.34323432343750004 0.10539215625000001 0.34323432343750004 0.0735294125 0.382838284375 0.07107843124999999 0.40264026406250003 0.080882353125 0.415841584375 0.1127450984375 0.4191419140625
0 0.034313725 0.481848184375 0.063725490625 0.45874587499999997 0.0661764703125 0.382838284375 0.0563725484375 0.382838284375 0.0122549015625 0.4191419140625 0.0049019609375 0.45874587499999997 0.014705882812500001 0.4785478546875 0.034313725 0.481848184375
0 0.2205882359375 0.4125412546875 0.242647059375 0.40264026406250003 0.26225490156250003 0.37293729375 0.26225490156250003 0.3531353140625 0.24019607812500002 0.3102310234375 0.2279411765625 0.3102310234375 0.2254901953125 0.3333333328125 0.20588235312499997 0.35973597343749997 0.20588235312499997 0.39273927343750004 0.2205882359375 0.4125412546875
0 0.26225490156250003 0.481848184375 0.2254901953125 0.44224422499999994 0.223039215625 0.44224422499999994 0.1911764703125 0.46534653437499995 0.186274509375 0.491749175 0.2279411765625 0.5214521453125001 0.26225490156250003 0.481848184375
0 0.28431372499999996 0.1914191421875 0.313725490625 0.2079207921875 0.34068627500000004 0.20132013125 0.3578431375 0.13531353125 0.3529411765625 0.11881188125 0.348039215625 0.11881188125 0.3235294125 0.1386138609375 0.30392156875 0.13201320156250002 0.2818627453125 0.178217821875 0.28431372499999996 0.1914191421875
0 0.3431372546875 0.0627062703125 0.3259803921875 0.0297029703125 0.31617647031249996 0.0297029703125 0.2892156859375 0.06930693125000001 0.3014705875 0.125412540625 0.3431372546875 0.0990099015625 0.3431372546875 0.0627062703125
0 0.35049019531250003 0 0.35049019531250003 0.056105610937499995 0.37745097968749997 0.075907590625 0.40196078437500005 0.0726072609375 0.3970588234375 0.023102310937500002 0.3700980390625 0 0.35049019531250003 0
0 0.7279411765625 0.092409240625 0.73039215625 0.06930693125000001 0.7205882359375 0.0330033 0.6985294125 0.0132013203125 0.6813725484375001 0.0132013203125 0.671568628125 0.026402640625 0.6740196078125 0.06930693125000001 0.7009803921875 0.0891089109375 0.7279411765625 0.092409240625
0 0.5661764703125 0.280528053125 0.578431371875 0.244224421875 0.5588235296875 0.21452145156250002 0.5514705875 0.1815181515625 0.5490196078125 0.178217821875 0.5245098046875001 0.22772277187499998 0.526960784375 0.26402640312500003 0.546568628125 0.2904290421875 0.5661764703125 0.280528053125
0 0.66176470625 0.26402640312500003 0.66176470625 0.247524753125 0.634803921875 0.20462046250000002 0.6188725484375001 0.20462046250000002 0.5931372546875 0.21452145156250002 0.6004901953124999 0.2508250828125 0.6225490203125 0.2739273921875 0.66176470625 0.26402640312500003
0 0.7671568625 0.247524753125 0.75 0.20462046250000002 0.7279411765625 0.1914191421875 0.705882353125 0.1914191421875 0.69607843125 0.21452145156250002 0.71323529375 0.260726071875 0.7426470593750001 0.260726071875 0.7671568625 0.247524753125
0 0.43382352968750004 0.3267326734375 0.43382352968750004 0.2937293734375 0.4240196078125 0.26402640312500003 0.384803921875 0.2409240921875 0.37745097968749997 0.2409240921875 0.37745097968749997 0.2838283828125 0.3897058828125 0.32343234375 0.40196078437500005 0.3333333328125 0.43382352968750004 0.3267326734375
0 0.37745097968749997 0.3333333328125 0.3700980390625 0.3036303625 0.330882353125 0.2739273921875 0.32107843125 0.2739273921875 0.32107843125 0.3333333328125 0.35539215625 0.363036303125 0.37254902031250003 0.35973597343749997 0.37745097968749997 0.3333333328125
0 0.33823529375 0.4884488453125 0.348039215625 0.475247525 0.35049019531250003 0.43894389375 0.3602941171875 0.42904290468750006 0.3602941171875 0.40264026406250003 0.330882353125 0.35973597343749997 0.3235294125 0.35973597343749997 0.30882352968750004 0.3762376234375 0.2990196078125 0.4125412546875 0.30392156875 0.43564356406250004 0.33823529375 0.4884488453125
0 0.4705882359375 0.5643564359375 0.47303921562499995 0.485148515625 0.436274509375 0.44224422499999994 0.42892156875 0.44224422499999994 0.4166666671875 0.45874587499999997 0.41176470624999995 0.501650165625 0.419117646875 0.518151815625 0.4705882359375 0.5643564359375
0 0.1911764703125 0.7821782171875 0.1985294125 0.772277228125 0.1911764703125 0.7161716171875 0.1740196078125 0.6996699671875 0.151960784375 0.6996699671875 0.12745097968750002 0.67656765625 0.12009803906250001 0.67656765625 0.134803921875 0.7260726078124999 0.134803921875 0.7623762375 0.16176470625 0.7854785484375 0.1911764703125 0.7821782171875
0 0.0490196078125 0.8085808578125 0.063725490625 0.7755775578125 0.061274509374999994 0.755775578125 0.034313725 0.7293729375 0.0245098046875 0.7293729375 0.007352940625 0.7656765671875 0.009803921875 0.8052805281250001 0.0245098046875 0.8217821781250001 0.0490196078125 0.8085808578125
0 0.1102941171875 0.9339934 0.117647059375 0.9273927390625 0.117647059375 0.8712871281250001 0.08823529375 0.838283828125 0.07107843124999999 0.838283828125 0.061274509374999994 0.8514851484375001 0.0661764703125 0.9009900984374999 0.0857843140625 0.9240924093749999 0.1102941171875 0.9339934
0 0.21323529375 0.8646864687500001 0.1911764703125 0.8217821781250001 0.17892156875 0.8217821781250001 0.14460784375 0.8481848187500001 0.14460784375 0.874587459375 0.19607843125 0.9075907593749999 0.21323529375 0.8646864687500001
0 0.296568628125 0.7788778875 0.33823529375 0.7788778875 0.348039215625 0.7656765671875 0.348039215625 0.7491749171875 0.32107843125 0.702970296875 0.3063725484375 0.702970296875 0.26960784375 0.7161716171875 0.259803921875 0.7458745875 0.2794117640625 0.7458745875 0.296568628125 0.7788778875
0 0.1936274515625 0.6633663359375 0.20588235312499997 0.6798679875 0.23284313750000002 0.6864686468750001 0.257352940625 0.669966996875 0.26225490156250003 0.61056105625 0.25 0.59405940625 0.242647059375 0.59405940625 0.23039215624999998 0.617161715625 0.2181372546875 0.617161715625 0.19607843125 0.6402640265625 0.1936274515625 0.6633663359375
0 0.2671568625 0.6303630359375 0.2990196078125 0.6501650171875 0.3063725484375 0.5907590765624999 0.2818627453125 0.541254125 0.26960784375 0.541254125 0.2549019609375 0.56105610625 0.2475490203125 0.5907590765624999 0.26225490156250003 0.6039603953125 0.2671568625 0.6303630359375
0 0.438725490625 0.8613861390625001 0.4509803921875 0.838283828125 0.436274509375 0.772277228125 0.43382352968750004 0.7689768984375001 0.3897058828125 0.8118811875 0.39460784375 0.8613861390625001 0.40931372499999996 0.8811881187499999 0.438725490625 0.8613861390625001
0 0.6004901953124999 0.653465346875 0.6176470593750001 0.636963696875 0.625 0.5874587453125 0.5931372546875 0.541254125 0.5857843140625 0.541254125 0.578431371875 0.5478547859375 0.5686274515624999 0.600660065625 0.5759803921875 0.62706270625 0.6004901953124999 0.653465346875
0 0.8088235296875 0.45214521406249997 0.8357843140625001 0.43234323437500005 0.840686275 0.4092409234375 0.8259803921875 0.3861386140625 0.8063725484375001 0.379537953125 0.7892156859375 0.379537953125 0.7794117640625 0.39273927343750004 0.7622549015625 0.39273927343750004 0.7549019609375 0.4125412546875 0.8088235296875 0.45214521406249997
0 0.9705882359375 0.5115511546875 0.973039215625 0.485148515625 0.9681372546875 0.47194719531249996 0.9460784312499999 0.45874587499999997 0.9142156859374999 0.4554455453125 0.91176470625 0.4554455453125 0.89460784375 0.47194719531249996 0.9411764703125 0.5148514843750001 0.9460784312499999 0.5511551156250001 0.9705882359375 0.5115511546875
0 0.85539215625 0.6468646859375 0.8700980390625 0.64356435625 0.8848039218749999 0.6567656765625001 0.9068627453125 0.6501650171875 0.9411764703125 0.59405940625 0.938725490625 0.5775577562499999 0.921568628125 0.5775577562499999 0.901960784375 0.5808580859375 0.8676470593750001 0.61056105625 0.8504901953124999 0.6303630359375 0.85539215625 0.6468646859375
0 0.9436274515624999 0.7095709578125 0.9436274515624999 0.6798679875 0.9289215687500001 0.6468646859375 0.9142156859374999 0.6468646859375 0.89460784375 0.6732673265625 0.8897058828125 0.702970296875 0.919117646875 0.755775578125 0.9436274515624999 0.7095709578125
0 0.669117646875 0.8283828390625001 0.634803921875 0.7986798687500001 0.6225490203125 0.7986798687500001 0.5955882359375 0.854785478125 0.6372549015625 0.874587459375 0.6666666671875 0.854785478125 0.669117646875 0.8283828390625001
0 0.7892156859375 0.940594059375 0.8210784312499999 0.95049505 0.830882353125 0.9042904296875 0.8186274515624999 0.8646864687500001 0.8039215687500001 0.8646864687500001 0.7818627453125 0.8844884484375 0.7720588234375 0.8811881187499999 0.76960784375 0.89768976875 0.7892156859375 0.940594059375
0 0.828431371875 0.8712871281250001 0.8578431375 0.8943894390624999 0.8725490203125 0.8778877890624999 0.8799019609375 0.8448844890625 0.8455882359375 0.788778878125 0.830882353125 0.788778878125 0.8333333328125001 0.8118811875 0.8210784312499999 0.8349834984375001 0.8210784312499999 0.854785478125 0.828431371875 0.8712871281250001
0 0.8504901953124999 0.7689768984375001 0.8431372546875 0.7821782171875 0.848039215625 0.7854785484375 0.8529411765624999 0.7821782171875 0.85539215625 0.7755775578125 0.8602941171875 0.772277228125 0.8676470593750001 0.772277228125 0.8725490203125 0.7788778875 0.8823529406249999 0.7854785484375 0.8921568625 0.8019801984375 0.901960784375 0.8085808578125 0.91176470625 0.8217821781250001 0.91176470625 0.8250825078125 0.919117646875 0.8349834984375001 0.919117646875 0.838283828125 0.921568628125 0.838283828125 0.9289215687500001 0.8283828390625001 0.9289215687500001 0.8118811875 0.921568628125 0.7953795375 0.919117646875 0.7689768984375001 0.9142156859374999 0.7590759078125 0.9142156859374999 0.752475246875 0.8995098046875001 0.7326732671875 0.8799019609375 0.7326732671875 0.8725490203125 0.739273928125 0.8725490203125 0.752475246875 0.8627450984375 0.7623762375 0.8504901953124999 0.7689768984375001
0 0.921568628125 0.7953795375 0.919117646875 0.7986798687500001 0.9289215687500001 0.81518151875 0.9289215687500001 0.8250825078125 0.9313725484375001 0.8283828390625001 0.938725490625 0.83168316875 0.9485294124999999 0.8415841578125001 0.965686275 0.8415841578125001 0.9681372546875 0.838283828125 0.973039215625 0.838283828125 0.9754901953124999 0.8415841578125001 0.9975490203125 0.8415841578125001 0.9975490203125 0.8250825078125 0.9950980390625 0.8250825078125 0.9852941171875 0.8118811875 0.98039215625 0.8085808578125 0.9754901953124999 0.7953795375 0.9754901953124999 0.7854785484375 0.973039215625 0.7788778875 0.953431371875 0.7656765671875 0.9338235296875 0.7656765671875 0.9313725484375001 0.7689768984375001 0.9264705875000001 0.7689768984375001 0.921568628125 0.7755775578125 0.921568628125 0.7953795375
0 0.08333333281250001 0.9801980203125 0.0857843140625 0.9537953796875 0.0588235296875 0.9240924093749999 0.044117646875 0.9240924093749999 0.034313725 0.9438943890625 0.03676470625 0.9636963703125 0.0588235296875 0.9801980203125 0.08333333281250001 0.9801980203125
0 0.9975490203125 0.9636963703125 0.9926470593750001 0.9372937296874999 0.98039215625 0.9273927390625 0.9779411765624999 0.9240924093749999 0.9485294124999999 0.9438943890625 0.938725490625 0.9966996703125 0.98039215625 0.990099009375 0.9975490203125 0.9636963703125
3 0.10539215625000001 0.9603960390624999 0.0857843140625 0.9273927390625 0.01960784375 0.8679867984375 0.0049019609375 0.8679867984375 0 0.9966996703125 0.0514705875 0.9801980203125 0.1078431375 0.98349835 0.10539215625000001 0.9603960390624999
3 0.9975490203125 0.9966996703125 0.9975490203125 0.978217821875 0.9975490203125 0.9042904296875 0.9460784312499999 0.9273927390625 0.8995098046875001 0.993399340625 0.9975490203125 0.9966996703125