0 0.6628242078125 0.1709677421875 0.6801152734375 0.148387096875 0.6801152734375 0.12258064531249999 0.6484149859375 0.0806451609375 0.6368876078125 0.0806451609375 0.5965417875 0.09677419375 0.602305475 0.141935484375 0.6340057640625 0.1709677421875 0.6628242078125 0.1709677421875
0 0.397694525 0.1838709671875 0.4351585015625 0.1935483875 0.4870317 0.141935484375 0.4870317 0.12258064531249999 0.472622478125 0.10645161249999999 0.4553314125 0.10645161249999999 0.4178674359375 0.1161290328125 0.389048990625 0.13870967812499999 0.386167146875 0.1709677421875 0.397694525 0.1838709671875
0 0.48414985625 0.151612903125 0.472622478125 0.15806451562499998 0.4668587890625 0.1645161296875 0.4553314125 0.1709677421875 0.440922190625 0.1870967734375 0.4380403453125 0.1870967734375 0.4351585015625 0.1935483875 0.4351585015625 0.2064516125 0.440922190625 0.2161290328125 0.440922190625 0.22258064531250002 0.4524495671875 0.2322580640625 0.4755043234375 0.2322580640625 0.4927953890625 0.24516129062499997 0.498559078125 0.24516129062499997 0.501440921875 0.24193548437499998 0.5129683 0.238709678125 0.5129683 0.2322580640625 0.5100864546875 0.2290322578125 0.5129683 0.21935483906250003 0.5244956765625 0.2064516125 0.530259365625 0.20322580625 0.5360230546875 0.19032258124999998 0.5360230546875 0.1838709671875 0.5446685875 0.1709677421875 0.5446685875 0.1645161296875 0.54178674375 0.161290321875 0.54178674375 0.154838709375 0.5475504328125 0.151612903125 0.5446685875 0.148387096875 0.530259365625 0.148387096875 0.5187319890625 0.154838709375 0.48414985625 0.151612903125
0 0.498559078125 0.10322580625 0.5043227671875 0.1161290328125 0.5100864546875 0.12258064531249999 0.5187319890625 0.141935484375 0.5187319890625 0.148387096875 0.5216138328125 0.151612903125 0.527377521875 0.148387096875 0.5389048984375 0.148387096875 0.54178674375 0.151612903125 0.5360230546875 0.15806451562499998 0.5331412109375 0.15806451562499998 0.5389048984375 0.161290321875 0.5389048984375 0.17419354843749998 0.5446685875 0.17419354843749998 0.556195965625 0.161290321875 0.556195965625 0.154838709375 0.5677233421875 0.13870967812499999 0.5763688765625 0.1193548390625 0.5763688765625 0.10322580625 0.57348703125 0.1 0.57348703125 0.0935483875 0.5677233421875 0.0806451609375 0.5504322765625 0.0645161296875 0.5331412109375 0.054838709375 0.5216138328125 0.054838709375 0.5072046109375 0.0677419359375 0.5043227671875 0.0806451609375 0.501440921875 0.0838709671875 0.498559078125 0.10322580625
0 0.23054755 0.3 0.242074928125 0.2870967734375 0.242074928125 0.27096774218749997 0.2247838609375 0.2354838703125 0.2046109515625 0.21935483906250003 0.184438040625 0.21935483906250003 0.14409221875 0.2258064515625 0.141210375 0.238709678125 0.1757925078125 0.2838709671875 0.23054755 0.3
0 0.2363112390625 0.35161290312500004 0.244956771875 0.33870967812499997 0.2391930828125 0.30967741875 0.20172910625 0.29032258125 0.1786743515625 0.29032258125 0.1383285296875 0.3193548390625 0.1671469734375 0.354838709375 0.1988472625 0.361290321875 0.2363112390625 0.35161290312500004
0 0.3083573484375 0.43225806406249995 0.3198847265625 0.4290322578125 0.3371757921875 0.4 0.3227665703125 0.3677419359375 0.302593659375 0.354838709375 0.2795389046875 0.354838709375 0.244956771875 0.3645161296875 0.2334293953125 0.3806451609375 0.2622478390625 0.4225806453125 0.3083573484375 0.43225806406249995
0 0.1210374640625 0.4677419359375 0.1354466859375 0.454838709375 0.158501440625 0.40967741875 0.1469740640625 0.38387096718749997 0.126801153125 0.38387096718749997 0.100864553125 0.39032258125 0.0778097984375 0.4161290328125 0.074927953125 0.4677419359375 0.1210374640625 0.4677419359375
0 0.244956771875 0.4709677421875 0.2507204609375 0.4354838703125 0.2219020171875 0.4161290328125 0.2046109515625 0.4161290328125 0.1527377515625 0.46129032187499996 0.1671469734375 0.49032258124999994 0.216138328125 0.4935483875 0.244956771875 0.4709677421875
0 0.126801153125 0.59677419375 0.129682996875 0.538709678125 0.0951008640625 0.50967741875 0.08645533125 0.47741935468749996 0.0835734875 0.47741935468749996 0.054755043749999996 0.5645161296875 0.069164265625 0.60322580625 0.1066282421875 0.6225806453125 0.126801153125 0.59677419375
0 0.1671469734375 0.5612903218749999 0.187319884375 0.5451612906250001 0.23054755 0.5354838703125 0.23054755 0.5 0.1988472625 0.49032258124999994 0.1815561953125 0.49032258124999994 0.14409221875 0.5193548390625 0.1383285296875 0.548387096875 0.1498559078125 0.558064515625 0.1671469734375 0.5612903218749999
0 0.1642651296875 0.6 0.184438040625 0.6225806453125 0.23054755 0.6193548390625 0.25936599375 0.5903225812499999 0.2478386171875 0.551612903125 0.23054755 0.5419354843749999 0.2219020171875 0.5419354843749999 0.1786743515625 0.551612903125 0.1469740640625 0.5774193546874999 0.141210375 0.5935483875 0.1642651296875 0.6
0 0.4092219015625 0.458064515625 0.440922190625 0.42580645156249997 0.443804034375 0.39677419375 0.4322766578125 0.37419354843749997 0.4034582125 0.35161290312500004 0.3919308359375 0.35161290312500004 0.37463976875 0.3709677421875 0.371757925 0.4 0.386167146875 0.4354838703125 0.4092219015625 0.458064515625
0 0.472622478125 0.46129032187499996 0.5187319890625 0.454838709375 0.54178674375 0.4354838703125 0.54178674375 0.40322580625000004 0.5129683 0.3709677421875 0.498559078125 0.3709677421875 0.48414985625 0.3709677421875 0.4466858796875 0.4 0.443804034375 0.42580645156249997 0.472622478125 0.46129032187499996
0 0.6080691640625 0.5354838703125 0.6195965421875 0.5225806453125 0.6195965421875 0.4709677421875 0.5965417875 0.4354838703125 0.5763688765625 0.4354838703125 0.530259365625 0.44516129062500004 0.5389048984375 0.5 0.556195965625 0.5193548390625 0.6080691640625 0.5354838703125
0 0.68876080625 0.5064516125 0.7118155625 0.50967741875 0.74063400625 0.4870967734375 0.7492795390625 0.451612903125 0.700288184375 0.4225806453125 0.697406340625 0.4225806453125 0.6657060515625 0.4354838703125 0.6512968296875 0.454838709375 0.6512968296875 0.4709677421875 0.68876080625 0.5064516125
0 0.5360230546875 0.60967741875 0.5821325640625 0.60322580625 0.5792507203125 0.5709677421875 0.5389048984375 0.5161290328125 0.530259365625 0.5161290328125 0.527377521875 0.5290322578125 0.4755043234375 0.5451612906250001 0.4812680109375 0.5774193546874999 0.5360230546875 0.60967741875
0 0.4870317 0.6741935484375 0.5389048984375 0.6612903218749999 0.5244956765625 0.60967741875 0.4755043234375 0.5806451609375001 0.4610951015625 0.5806451609375001 0.440922190625 0.59677419375 0.443804034375 0.641935484375 0.4553314125 0.658064515625 0.4870317 0.6741935484375
0 0.414985590625 0.745161290625 0.4236311234375 0.7322580640624999 0.414985590625 0.6741935484375 0.3631123921875 0.6354838703125 0.3515850140625 0.6354838703125 0.328530259375 0.658064515625 0.3342939484375 0.7 0.3631123921875 0.7354838703125 0.414985590625 0.745161290625
0 0.1815561953125 0.845161290625 0.2046109515625 0.838709678125 0.2334293953125 0.8032258062500001 0.2363112390625 0.7709677421875 0.22766570625 0.761290321875 0.213256484375 0.761290321875 0.184438040625 0.761290321875 0.1642651296875 0.7741935484375 0.141210375 0.8322580640625 0.1815561953125 0.845161290625
0 0.755043228125 0.7774193546875 0.7809798265625 0.754838709375 0.7953890484375 0.70967741875 0.7521613828125 0.69032258125 0.7492795390625 0.69032258125 0.697406340625 0.7225806453125 0.6916426515625 0.758064515625 0.700288184375 0.7677419359375001 0.755043228125 0.7774193546875
0 0.8328530265625 0.8032258062500001 0.8530259359375 0.7967741937499999 0.8818443796875 0.7677419359375001 0.8904899140625 0.7161290328125001 0.8818443796875 0.7032258062500001 0.8645533140625 0.7032258062500001 0.8357348703125 0.70967741875 0.8097982703125 0.7483870968749999 0.815561959375 0.7870967734375001 0.8328530265625 0.8032258062500001
0 0.9740634 0.7806451609375 0.9654178671875 0.7290322578125 0.9365994234375 0.7032258062500001 0.9077809796875 0.7 0.9048991359375 0.7 0.8904899140625 0.7161290328125001 0.88760806875 0.7645161296875 0.91354466875 0.79032258125 0.9740634 0.7806451609375
0 0.97118155625 0.9258064515625 0.985590778125 0.90967741875 0.982708934375 0.848387096875 0.94524495625 0.8129032265625 0.9365994234375 0.79032258125 0.9221902015625 0.79032258125 0.9106628234375 0.845161290625 0.91354466875 0.8806451609374999 0.9365994234375 0.9290322578125 0.97118155625 0.9258064515625
0 0.0922190203125 0.9741935484375001 0.141210375 0.9161290328125 0.14409221875 0.8677419359374999 0.1325648421875 0.854838709375 0.115273775 0.854838709375 0.072046109375 0.8903225812500001 0.069164265625 0.9612903218750001 0.0778097984375 0.9709677421875 0.0922190203125 0.9741935484375001
0 0.0951008640625 0.9806451609375 0.2046109515625 0.9806451609375 0.2190201734375 0.9580645156250001 0.2190201734375 0.9354838703125001 0.2046109515625 0.9193548390625 0.184438040625 0.9161290328125 0.1815561953125 0.9161290328125 0.14409221875 0.9258064515625 0.1239193078125 0.9548387093749999 0.1037463984375 0.9612903218750001 0.0951008640625 0.9806451609375
0 0 0.945161290625 0.0057636890625 0.945161290625 0.008645532812499999 0.9483870968750001 0.011527378125 0.945161290625 0.0230547546875 0.945161290625 0.025936599999999997 0.9483870968750001 0.0374639765625 0.9483870968750001 0.040345821875 0.9516129031249999 0.0662824203125 0.9516129031249999 0.069164265625 0.945161290625 0.0662824203125 0.9064516125000001 0.054755043749999996 0.8935483874999999 0.054755043749999996 0.8903225812500001 0.046109509375 0.8903225812500001 0.043227665625 0.8870967734375 0.0201729109375 0.8870967734375 0.017291065624999997 0.8903225812500001 0.0057636890625 0.8935483874999999 0 0.90322580625 0 0.945161290625
0 0.530259365625 0.8322580640625 0.5331412109375 0.8354838703125 0.5331412109375 0.845161290625 0.5446685875 0.8709677421875 0.559077809375 0.8870967734375 0.5706051875 0.8903225812500001 0.5763688765625 0.9 0.585014409375 0.9 0.5907780984375 0.90322580625 0.602305475 0.9193548390625 0.6195965421875 0.9193548390625 0.616714696875 0.8741935484375001 0.613832853125 0.8709677421875 0.613832853125 0.858064515625 0.6080691640625 0.845161290625 0.6080691640625 0.8354838703125 0.5936599421875 0.8193548390625001 0.5763688765625 0.80967741875 0.5619596546875 0.8064516125000001 0.559077809375 0.8032258062500001 0.5446685875 0.8032258062500001 0.54178674375 0.8064516125000001 0.5360230546875 0.8064516125000001 0.530259365625 0.8129032265625 0.530259365625 0.8322580640625
0 0.4783861671875 0.8612903218750001 0.472622478125 0.8612903218750001 0.4610951015625 0.8677419359374999 0.4553314125 0.8741935484375001 0.4553314125 0.8806451609374999 0.4610951015625 0.8935483874999999 0.4755043234375 0.90967741875 0.48414985625 0.9129032265625 0.498559078125 0.9258064515625 0.5244956765625 0.9258064515625 0.527377521875 0.9225806453125 0.54178674375 0.9225806453125 0.556195965625 0.90967741875 0.559077809375 0.90967741875 0.559077809375 0.89677419375 0.556195965625 0.8935483874999999 0.556195965625 0.8870967734375 0.54178674375 0.8709677421875 0.54178674375 0.8677419359374999 0.527377521875 0.854838709375 0.5100864546875 0.854838709375 0.4927953890625 0.854838709375 0.4899135453125 0.858064515625 0.4812680109375 0.858064515625 0.4783861671875 0.8612903218750001
0 0.7118155625 0.858064515625 0.700288184375 0.8709677421875 0.697406340625 0.8709677421875 0.6916426515625 0.8806451609374999 0.6916426515625 0.8935483874999999 0.6858789625 0.9 0.6858789625 0.90322580625 0.68299711875 0.9064516125000001 0.674351584375 0.9064516125000001 0.671469740625 0.90967741875 0.674351584375 0.9225806453125 0.6772334296875 0.9258064515625 0.697406340625 0.9258064515625 0.700288184375 0.9225806453125 0.7089337171875 0.9225806453125 0.7118155625 0.9258064515625 0.731988471875 0.9258064515625 0.7348703171875 0.9225806453125 0.74063400625 0.9225806453125 0.7492795390625 0.9161290328125 0.7608069171875 0.9129032265625 0.7665706046875 0.9064516125000001 0.7752161390625 0.8870967734375 0.783861671875 0.8774193546875001 0.783861671875 0.8645161296874999 0.7780979828125 0.8516129031249999 0.77233429375 0.845161290625 0.757925071875 0.845161290625 0.74351585 0.845161290625 0.74063400625 0.848387096875 0.7233429390625 0.8516129031249999 0.7118155625 0.858064515625
0 0.74639769375 0.9483870968750001 0.729106628125 0.9580645156250001 0.7233429390625 0.9580645156250001 0.71469740625 0.9677419359374999 0.71469740625 0.9774193546875001 0.7204610953125 0.9806451609375 0.8270893375 0.9806451609375 0.82997118125 0.9774193546875001 0.8357348703125 0.9774193546875001 0.8357348703125 0.9677419359374999 0.82997118125 0.9548387093749999 0.8242074921875 0.9483870968750001 0.8040345828125 0.9354838703125001 0.7953890484375 0.9354838703125001 0.783861671875 0.9258064515625 0.7665706046875 0.9258064515625 0.757925071875 0.9354838703125001 0.755043228125 0.9354838703125001 0.755043228125 0.938709678125 0.74639769375 0.9483870968750001
0 0.8962536015625 0.9354838703125001 0.8818443796875 0.9193548390625 0.8645533140625 0.9193548390625 0.8386167140625 0.9483870968750001 0.8386167140625 0.9774193546875001 0.9077809796875 0.9806451609375 0.8962536015625 0.9354838703125001
3 0.5504322765625 0.9225806453125 0.51585014375 0.9290322578125 0.4899135453125 0.9774193546875001 0.5129683 0.9741935484375001 0.5389048984375 0.941935484375 0.559077809375 0.9483870968750001 0.559077809375 0.9354838703125001 0.5648414984375 0.9548387093749999 0.5821325640625 0.9645161296874999 0.5648414984375 0.9741935484375001 0.62536023125 0.9677419359374999 0.6340057640625 0.9774193546875001 0.703170028125 0.9774193546875001 0.7204610953125 0.9548387093749999 0.7492795390625 0.941935484375 0.74639769375 0.9290322578125 0.7060518734375 0.9290322578125 0.6772334296875 0.9483870968750001 0.668587896875 0.9193548390625 0.65706051875 0.9322580640625 0.654178675 0.9064516125000001 0.68876080625 0.8870967734375 0.6858789625 0.8709677421875 0.6628242078125 0.858064515625 0.654178675 0.858064515625 0.6195965421875 0.8677419359374999 0.6195965421875 0.9290322578125 0.5706051875 0.89677419375 0.5504322765625 0.9225806453125