3 0.1573033703125 0.5255474453125 0.241573034375 0.5291970796875 0.2331460671875 0.5656934312499999 0.21348314531249998 0.58394160625 0.10955056249999999 0.587591240625 0.1292134828125 0.60218978125 0.146067415625 0.60218978125 0.14887640468750002 0.5912408765625 0.1657303375 0.6240875906250001 0.1292134828125 0.67518248125 0.1292134828125 0.689781021875 0.188202246875 0.7591240875 0.21348314531249998 0.7664233578124999 0.2865168546875 0.7481751828125 0.32022471874999997 0.726277371875 0.3707865171875 0.6678832109374999 0.38764045 0.616788321875 0.37640449375 0.587591240625 0.34550561874999997 0.5948905109375 0.325842696875 0.5802919703125 0.2612359546875 0.5802919703125 0.258426965625 0.5510948906250001 0.2668539328125 0.5291970796875 0.367977528125 0.5255474453125 0.3370786515625 0.45255474375000004 0.2893258421875 0.40510948906250005 0.23033707812499998 0.4014598546875 0.22191011249999998 0.4014598546875 0.15168539375 0.43795620468749996 0.1404494375 0.45255474375000004 0.1404494375 0.47445255468749997 0.1573033703125 0.5255474453125
3 0.758426965625 0.467153284375 0.7191011234375 0.5291970796875 0.7247191015625 0.5437956203125001 0.8820224718749999 0.5510948906250001 0.8820224718749999 0.5802919703125 0.8623595500000001 0.5948905109375 0.7191011234375 0.5948905109375 0.7219101125 0.6569343062499999 0.7387640453125 0.7043795625 0.7471910109375 0.7153284671875 0.7921348312500001 0.7116788328125 0.7808988765625 0.7773722625 0.7893258421875 0.762773721875 0.8174157296875 0.7810218984375 0.90168539375 0.762773721875 0.9410112359375 0.7299270078125 0.9859550562500001 0.6605839421875 0.9831460671875 0.6240875906250001 0.966292134375 0.5948905109375 0.9044943812499999 0.5948905109375 0.8904494375 0.5802919703125 0.8988764046875 0.5802919703125 0.90168539375 0.5510948906250001 0.9522471906250001 0.554744525 0.966292134375 0.5437956203125001 0.9353932578125 0.4781021890625 0.910112359375 0.45255474375000004 0.8904494375 0.45255474375000004 0.8932584265625 0.43065693437499997 0.87640449375 0.4233576640625 0.8679775281250001 0.4233576640625 0.7949438203125 0.43795620468749996 0.7949438203125 0.4890510953125 0.7528089890625 0.45985401406250004 0.758426965625 0.467153284375
0 0.21067415781249998 0.3029197078125 0.23033707812499998 0.2846715328125 0.244382021875 0.244525546875 0.241573034375 0.2007299265625 0.2331460671875 0.189781021875 0.216292134375 0.189781021875 0.188202246875 0.2007299265625 0.1629213484375 0.2335766421875 0.1573033703125 0.3138686125 0.21067415781249998 0.3029197078125
0 0.103932584375 0.496350365625 0.1404494375 0.5218978109375 0.146067415625 0.503649634375 0.132022471875 0.47445255468749997 0.1292134828125 0.43065693437499997 0.09550561875 0.383211678125 0.07865168593750001 0.383211678125 0.0646067421875 0.4014598546875 0.0730337078125 0.4781021890625 0.0870786515625 0.496350365625 0.103932584375 0.496350365625
0 0.12359550625 0.6788321171875 0.1629213484375 0.6277372265625 0.1573033703125 0.6131386859375 0.12640449375 0.6131386859375 0.075842696875 0.587591240625 0.06741572968750001 0.587591240625 0.0393258421875 0.6094890515625 0.0393258421875 0.635036496875 0.0870786515625 0.6788321171875 0.12359550625 0.6788321171875
0 0.325842696875 0.8759124093749999 0.36235955 0.8175182484375 0.339887640625 0.7846715328125 0.325842696875 0.7846715328125 0.2865168546875 0.791970803125 0.241573034375 0.846715328125 0.311797753125 0.87956204375 0.325842696875 0.8759124093749999
0 0.39606741562500003 0.96350365 0.41292134843749995 0.96350365 0.4185393265625 0.9416058390625001 0.42977528125 0.945255475 0.45224719062499996 0.9233576640625 0.45224719062499996 0.8722627734374999 0.4185393265625 0.828467153125 0.41292134843749995 0.828467153125 0.40168539374999995 0.8394160578125 0.367977528125 0.8394160578125 0.3595505625 0.87956204375 0.39606741562500003 0.96350365
0 0.6657303375 0.445255475 0.6629213484375 0.39781021875 0.6348314609375 0.35766423281250004 0.6207865171875 0.35766423281250004 0.5926966296875 0.41605839375000003 0.6320224718749999 0.47080292031250004 0.6488764046875 0.467153284375 0.6657303375 0.445255475
0 0.7471910109375 0.2189781015625 0.769662921875 0.244525546875 0.8174157296875 0.2335766421875 0.8567415734375 0.189781021875 0.8455056187500001 0.087591240625 0.8314606734375 0.069343065625 0.8258426968749999 0.069343065625 0.8342696625 0.12043795625 0.7921348312500001 0.15693430625 0.76404494375 0.20802919687500002 0.7471910109375 0.2189781015625
0 0.853932584375 0.4087591234375 0.8651685390624999 0.3905109484375 0.8651685390624999 0.3686131390625 0.8511235953125 0.3394160578125 0.8146067421875 0.3138686125 0.7949438203125 0.3138686125 0.7921348312500001 0.310218978125 0.7780898875 0.34306569374999996 0.7893258421875 0.394160584375 0.8174157296875 0.412408759375 0.853932584375 0.4087591234375
0 0.7949438203125 0.48540145937499996 0.7949438203125 0.40510948906250005 0.7528089890625 0.346715328125 0.73595505625 0.346715328125 0.7247191015625 0.3722627734375 0.730337078125 0.43430656875 0.7471910109375 0.45985401406250004 0.7949438203125 0.48540145937499996
0 0.7134831453125 0.7591240875 0.7078651687499999 0.773722628125 0.7050561796875 0.773722628125 0.6966292140625 0.762773721875 0.6966292140625 0.7700729921875 0.6910112359375 0.7773722625 0.67977528125 0.7773722625 0.6910112359375 0.7846715328125 0.7106741578125 0.7883211671875 0.716292134375 0.7956204375 0.7191011234375 0.80656934375 0.730337078125 0.8175182484375 0.7471910109375 0.8175182484375 0.758426965625 0.8102189781250001 0.783707865625 0.7810218984375 0.7893258421875 0.7700729921875 0.7921348312500001 0.7481751828125 0.8033707859374999 0.737226278125 0.811797753125 0.737226278125 0.8202247187499999 0.726277371875 0.8174157296875 0.7189781015625 0.811797753125 0.7226277375 0.8089887640625 0.7189781015625 0.8089887640625 0.7116788328125 0.769662921875 0.7116788328125 0.7668539328125 0.708029196875 0.755617978125 0.708029196875 0.7387640453125 0.7189781015625 0.73595505625 0.726277371875 0.7134831453125 0.7518248171875 0.7134831453125 0.7591240875
0 0.8932584265625 0.6788321171875 0.8848314609375001 0.6788321171875 0.8820224718749999 0.6824817515625 0.8707865171875 0.6824817515625 0.8651685390624999 0.6861313874999999 0.8595505625 0.7007299265625 0.853932584375 0.7007299265625 0.8426966296874999 0.7116788328125 0.839887640625 0.7189781015625 0.839887640625 0.7335766421875001 0.8426966296874999 0.7408759125 0.8511235953125 0.7481751828125 0.8651685390624999 0.7481751828125 0.8679775281250001 0.7518248171875 0.8707865171875 0.7481751828125 0.8792134828125 0.7481751828125 0.8848314609375001 0.7518248171875 0.8876404499999999 0.7481751828125 0.8988764046875 0.744525546875 0.9044943812499999 0.737226278125 0.9157303375 0.7335766421875001 0.9185393265625 0.7299270078125 0.9185393265625 0.7189781015625 0.9241573031250001 0.7153284671875 0.9269662921874999 0.7007299265625 0.9297752812500001 0.6970802921875 0.9297752812500001 0.6824817515625 0.9269662921874999 0.6788321171875 0.9213483140625 0.6788321171875 0.9185393265625 0.67518248125 0.9157303375 0.6788321171875 0.8988764046875 0.6788321171875 0.896067415625 0.6824817515625 0.8932584265625 0.6788321171875
0 0.73595505625 0.616788321875 0.73595505625 0.6240875906250001 0.7331460671875 0.6277372265625 0.7331460671875 0.6605839421875 0.730337078125 0.6642335765625 0.7331460671875 0.6678832109374999 0.7387640453125 0.6678832109374999 0.744382021875 0.6824817515625 0.75 0.689781021875 0.758426965625 0.689781021875 0.76404494375 0.6970802921875 0.7808988765625 0.6970802921875 0.783707865625 0.7007299265625 0.7921348312500001 0.7007299265625 0.7949438203125 0.7043795625 0.806179775 0.708029196875 0.811797753125 0.7007299265625 0.811797753125 0.689781021875 0.8005617984375 0.67518248125 0.797752809375 0.6678832109374999 0.8005617984375 0.6605839421875 0.7921348312500001 0.6532846718750001 0.7949438203125 0.6459854015625 0.7921348312500001 0.6423357671875001 0.7893258421875 0.6240875906250001 0.7808988765625 0.6131386859375 0.755617978125 0.6131386859375 0.7528089890625 0.616788321875 0.7471910109375 0.6131386859375 0.75 0.605839415625 0.7668539328125 0.605839415625 0.772471909375 0.60218978125 0.76404494375 0.5948905109375 0.7387640453125 0.5948905109375 0.7331460671875 0.605839415625 0.73595505625 0.6094890515625 0.7331460671875 0.6131386859375 0.73595505625 0.616788321875
0 0.9213483140625 0.5510948906250001 0.943820225 0.5510948906250001 0.9466292140625001 0.554744525 0.9522471906250001 0.5510948906250001 0.9606741578125 0.5510948906250001 0.9634831453125001 0.54744525625 0.9634831453125001 0.5401459859375 0.9550561796875 0.5291970796875 0.9550561796875 0.5255474453125 0.9466292140625001 0.514598540625 0.938202246875 0.5109489046875 0.9325842703125 0.503649634375 0.9213483140625 0.503649634375 0.9157303375 0.5072992703125 0.9073033703125001 0.5218978109375 0.9073033703125001 0.5291970796875 0.9213483140625 0.5510948906250001
0 0.9269662921874999 0.6094890515625 0.9213483140625 0.616788321875 0.9185393265625 0.616788321875 0.9213483140625 0.62043795625 0.9213483140625 0.635036496875 0.9269662921874999 0.6423357671875001 0.9269662921874999 0.6496350359374999 0.9297752812500001 0.6532846718750001 0.9410112359375 0.6532846718750001 0.9522471906250001 0.6423357671875001 0.95786516875 0.6131386859375 0.966292134375 0.60218978125 0.9494382015625 0.60218978125 0.9466292140625001 0.5985401453125 0.9353932578125 0.60218978125 0.9325842703125 0.5985401453125 0.9297752812500001 0.60218978125 0.9241573031250001 0.60218978125 0.9213483140625 0.605839415625 0.9269662921874999 0.6094890515625
2 0.87359550625 0.58394160625 0.87640449375 0.5656934312499999 0.8707865171875 0.554744525 0.8230337078125001 0.54744525625 0.2865168546875 0.53649635 0.2668539328125 0.53649635 0.258426965625 0.554744525 0.2668539328125 0.5802919703125 0.8595505625 0.5912408765625 0.87359550625 0.58394160625
2 0 0.5766423359374999 0.20505617968749998 0.5802919703125 0.23033707812499998 0.5729927 0.2387640453125 0.5510948906250001 0.2387640453125 0.5328467156250001 0.005617978125 0.5291970796875 0 0.5291970796875 0 0.5766423359374999
2 0.9971910109375001 0.554744525 0.9325842703125 0.554744525 0.9073033703125001 0.554744525 0.8988764046875 0.5802919703125 0.9044943812499999 0.5912408765625 0.9971910109375001 0.5948905109375 0.9971910109375001 0.554744525