3 0.3415492953125 0.5838926171875001 0.35915492968749996 0.5805369125000001 0.34859155 0.5738255031249999 0.35915492968749996 0.560402684375 0.37323943593750003 0.560402684375 0.38732394375 0.56711409375 0.37323943593750003 0.5805369125000001 0.45070422499999996 0.5838926171875001 0.46830985937499997 0.59395973125 0.4647887328125 0.6241610734374999 0.3345070421875 0.6241610734374999 0.3239436625 0.640939596875 0.37323943593750003 0.681208053125 0.35915492968749996 0.70134228125 0.34859155 0.694630871875 0.34859155 0.7114093953125 0.369718309375 0.7181208046875 0.38732394375 0.751677853125 0.4542253515625 0.8087248328125 0.492957746875 0.7852349000000001 0.58802816875 0.7751677859375 0.580985915625 0.734899328125 0.5915492953125 0.7248322140625 0.6232394359375 0.734899328125 0.669014084375 0.681208053125 0.6725352109375 0.6510067109375 0.66197183125 0.6375838921875 0.6302816906250001 0.640939596875 0.6197183093749999 0.6308724828125001 0.5457746484375 0.6308724828125001 0.5140845078125 0.6208053687499999 0.517605634375 0.5906040265625 0.654929578125 0.5906040265625 0.6338028171875 0.533557046875 0.556338028125 0.46644295312499995 0.5334507046875 0.46644295312499995 0.40140845 0.48657718125000005 0.3169014078125 0.5704697984375 0.32042253593750003 0.5805369125000001 0.3415492953125 0.5838926171875001
0 0.059859154687500006 0.09395973125 0.0774647890625 0.0234899328125 0.0704225359375 0.0167785234375 0.0528169015625 0.0167785234375 0.0140845078125 0.046979865625 0.0105633796875 0.087248321875 0.0211267609375 0.100671140625 0.059859154687500006 0.09395973125
0 0.20774647812499997 0.14765100625 0.20774647812499997 0.1308724828125 0.1830985921875 0.100671140625 0.169014084375 0.100671140625 0.14436619687500002 0.1342281875 0.1478873234375 0.17449664375 0.1795774640625 0.17449664375 0.20774647812499997 0.14765100625
0 0 0.1845637578125 0.0352112671875 0.21476510000000001 0.0774647890625 0.21476510000000001 0.0845070421875 0.19798657656250002 0.0704225359375 0.1644295296875 0.028169014062499997 0.14765100625 0.0105633796875 0.14765100625 0 0.154362415625 0 0.1845637578125
0 0.35915492968749996 0.1241610734375 0.34859155 0.100671140625 0.3239436625 0.100671140625 0.2605633796875 0.1342281875 0.2957746484375 0.15771812031250002 0.3345070421875 0.15771812031250002 0.35915492968749996 0.1241610734375
0 0.3661971828125 0.073825503125 0.38732394375 0.0570469796875 0.38732394375 0.0302013421875 0.36267605625 0.0100671140625 0.330985915625 0.0100671140625 0.31338028125 0.0234899328125 0.3169014078125 0.046979865625 0.33802816875 0.06711409375 0.3661971828125 0.073825503125
0 0.2464788734375 0.251677853125 0.2711267609375 0.2181208046875 0.2640845078125 0.194630871875 0.242957746875 0.1778523484375 0.22887323906249998 0.1778523484375 0.20774647812499997 0.20134228125 0.20774647812499997 0.24496644218750002 0.22535211249999998 0.251677853125 0.2464788734375 0.251677853125
0 0.3274647890625 0.22147650937500002 0.36267605625 0.1879194625 0.345070421875 0.1711409390625 0.3169014078125 0.1644295296875 0.30985915468749997 0.1644295296875 0.2781690140625 0.1711409390625 0.2746478875 0.194630871875 0.28873239375000004 0.21140939531249997 0.3274647890625 0.22147650937500002
0 0.36267605625 0.28523489999999996 0.380281690625 0.2684563765625 0.3838028171875 0.23489932812499997 0.36267605625 0.2181208046875 0.35563380312500004 0.2181208046875 0.3169014078125 0.248322146875 0.31338028125 0.278523490625 0.3274647890625 0.28859060468750003 0.36267605625 0.28523489999999996
0 0.105633803125 0.338926175 0.1091549296875 0.31208053750000003 0.0915492953125 0.28523489999999996 0.06338028125 0.27181208125 0.045774648437499996 0.27181208125 0.0528169015625 0.3422818796875 0.06690140781250001 0.359060403125 0.0845070421875 0.359060403125 0.105633803125 0.338926175
0 0.2147887328125 0.3288590609375 0.25 0.318791946875 0.2781690140625 0.28523489999999996 0.23943662031250001 0.2684563765625 0.218309859375 0.2684563765625 0.19718309843749998 0.2751677859375 0.1795774640625 0.29865771875 0.18661971875 0.3154362421875 0.2147887328125 0.3288590609375
0 0.29225352187500003 0.3959731546875 0.299295775 0.37919463124999997 0.29225352187500003 0.3489932890625 0.2746478875 0.338926175 0.25 0.338926175 0.23943662031250001 0.3489932890625 0.23943662031250001 0.3825503359375 0.267605634375 0.40604026875 0.29225352187500003 0.3959731546875
0 0.1408450703125 0.45973154374999997 0.14436619687500002 0.43288590625 0.1091549296875 0.4026845640625 0.0915492953125 0.4026845640625 0.0774647890625 0.42617449687500003 0.0774647890625 0.453020134375 0.11971830937500001 0.48322147656250003 0.1408450703125 0.45973154374999997
0 0.3239436625 0.4362416109375 0.35563380312500004 0.42953020156250005 0.37676056406249997 0.4026845640625 0.37323943593750003 0.3825503359375 0.35563380312500004 0.372483221875 0.3415492953125 0.372483221875 0.3239436625 0.37919463124999997 0.3028169015625 0.4093959734375 0.306338028125 0.42617449687500003 0.3239436625 0.4362416109375
0 0.37323943593750003 0.51342281875 0.3838028171875 0.5 0.39084507031250004 0.47651006718750005 0.37323943593750003 0.45973154374999997 0.3415492953125 0.45973154374999997 0.31338028125 0.4899328859375 0.31338028125 0.5100671140624999 0.33802816875 0.5234899328125 0.37323943593750003 0.51342281875
0 0.5528169015625 0.359060403125 0.5316901406250001 0.3221476515625 0.5140845078125 0.3221476515625 0.482394365625 0.3624161078125 0.48591549218749996 0.41275167812499997 0.5140845078125 0.4026845640625 0.5528169015625 0.359060403125
0 0.6584507046875 0.20134228125 0.6197183093749999 0.15771812031250002 0.6161971828125 0.15771812031250002 0.59859155 0.23154362343749998 0.63732394375 0.251677853125 0.6584507046875 0.23489932812499997 0.6584507046875 0.20134228125
0 0.5651408453125 0 0.5352112671875 0.0033557046875000002 0.5316901406250001 0.0302013421875 0.556338028125 0.0570469796875 0.5915492953125 0.0637583890625 0.6021126765625 0.0302013421875 0.58802816875 0 0.5651408453125 0
0 0.7112676062500001 0.10738255000000001 0.7535211265624999 0.0973154359375 0.767605634375 0.06711409375 0.7570422531250001 0.0436241609375 0.75 0.0436241609375 0.707746478125 0.0570469796875 0.6901408453125 0.0771812078125 0.6901408453125 0.09395973125 0.7112676062500001 0.10738255000000001
0 0.76877816875 0 0.7253521125 0.0033557046875000002 0.7359154921875 0.0369127515625 0.7640845078125 0.04026845625 0.7852112671875 0.0234899328125 0.7887323937499999 0 0.76877816875 0
0 0.9366197187499999 0.09395973125 0.9647887328125 0.0973154359375 0.9894366203124999 0.0771812078125 0.992957746875 0.0369127515625 0.982394365625 0.0369127515625 0.9471830984375 0.04026845625 0.9260563375 0.060402684375 0.9225352109375 0.0771812078125 0.9366197187499999 0.09395973125
0 0.943661971875 0.1375838921875 0.9225352109375 0.0771812078125 0.9154929578125 0.0771812078125 0.869718309375 0.14429530156249998 0.8908450703125 0.17449664375 0.9190140843749999 0.1644295296875 0.943661971875 0.1375838921875
0 0.9260563375 0.278523490625 0.950704225 0.27181208125 0.9753521125000001 0.24496644218750002 0.9788732390625 0.20805369062499998 0.9718309859375 0.20134228125 0.9190140843749999 0.22147650937500002 0.9014084499999999 0.24496644218750002 0.9014084499999999 0.265100671875 0.9260563375 0.278523490625
0 0.792253521875 0.318791946875 0.806338028125 0.3020134234375 0.806338028125 0.2751677859375 0.7746478875 0.2550335578125 0.7535211265624999 0.2550335578125 0.7429577468749999 0.265100671875 0.7429577468749999 0.3020134234375 0.767605634375 0.32550335625 0.792253521875 0.318791946875
0 0.6338028171875 0.3825503359375 0.654929578125 0.35570469843749997 0.6478873234375 0.32550335625 0.6232394359375 0.3020134234375 0.6161971828125 0.3020134234375 0.58802816875 0.35234899375 0.5915492953125 0.37919463124999997 0.6091549296875 0.39261745000000003 0.6338028171875 0.3825503359375
0 0.7218309859375001 0.4026845640625 0.707746478125 0.35570469843749997 0.6901408453125 0.35570469843749997 0.669014084375 0.36912751718750003 0.654929578125 0.3959731546875 0.6760563375 0.42953020156250005 0.7218309859375001 0.4026845640625
0 0.8485915500000001 0.46644295312499995 0.8661971828125001 0.453020134375 0.8732394359375 0.41275167812499997 0.855633803125 0.39261745000000003 0.8415492953125 0.39261745000000003 0.7957746484375 0.43288590625 0.7957746484375 0.45973154374999997 0.8098591546874999 0.46979865781249996 0.8485915500000001 0.46644295312499995
0 0.9612676062500001 0.3892617453125 0.9647887328125 0.3624161078125 0.943661971875 0.338926175 0.9225352109375 0.338926175 0.880281690625 0.35234899375 0.8838028171874999 0.3758389265625 0.9014084499999999 0.3959731546875 0.9612676062500001 0.3892617453125
0 0.9612676062500001 0.4630872484375 0.9612676062500001 0.399328859375 0.9471830984375 0.399328859375 0.9014084499999999 0.4362416109375 0.9049295781250001 0.47651006718750005 0.9260563375 0.4899328859375 0.9612676062500001 0.4630872484375
0 0.8978873234375 0.5 0.8767605640625 0.48322147656250003 0.8485915500000001 0.48322147656250003 0.8204225359375 0.4966442953125 0.8345070421875 0.5436241609375 0.9014084499999999 0.5302013421875 0.8978873234375 0.5
0 0.549295775 0.15771812031250002 0.5528169015625 0.1342281875 0.5316901406250001 0.11073825468750001 0.5140845078125 0.11073825468750001 0.4718309859375 0.127516778125 0.4788732390625 0.14765100625 0.5105633796875 0.16778523437499998 0.549295775 0.15771812031250002
0 0.5035211265624999 0.19798657656250002 0.542253521875 0.19127516718749998 0.5528169015625 0.1778523484375 0.492957746875 0.161073825 0.48591549218749996 0.161073825 0.4471830984375 0.194630871875 0.4647887328125 0.22147650937500002 0.482394365625 0.22147650937500002 0.5035211265624999 0.19798657656250002
0 0.56338028125 0.22818791875 0.5457746484375 0.194630871875 0.5211267609375 0.194630871875 0.482394365625 0.2248322140625 0.5246478875 0.251677853125 0.5387323937499999 0.251677853125 0.56338028125 0.22818791875
0 0.943661971875 0.6979865765625 0.9471830984375 0.6677852343749999 0.9260563375 0.64765100625 0.91197183125 0.64765100625 0.8838028171874999 0.6778523484375001 0.88732394375 0.70134228125 0.9049295781250001 0.7181208046875 0.943661971875 0.6979865765625
0 0.83802816875 0.8758389265625001 0.8767605640625 0.8657718125 0.894366196875 0.8288590609375 0.880281690625 0.805369128125 0.8521126765625 0.805369128125 0.8274647890625 0.818791946875 0.8133802812500001 0.8422818796874999 0.8169014078125001 0.8624161078125001 0.83802816875 0.8758389265625001
0 0.792253521875 0.77181208125 0.7640845078125 0.7449664421875 0.7359154921875 0.7449664421875 0.7147887328125 0.7617449671875 0.7183098593749999 0.805369128125 0.7957746484375 0.8154362421875 0.792253521875 0.77181208125
0 0.700704225 0.7550335578125 0.7288732390625 0.721476509375 0.68661971875 0.681208053125 0.6725352109375 0.681208053125 0.654929578125 0.70134228125 0.654929578125 0.7248322140625 0.6760563375 0.751677853125 0.700704225 0.7550335578125
0 0.65140845 0.8120805375 0.6478873234375 0.77181208125 0.6021126765625 0.7248322140625 0.58802816875 0.7248322140625 0.5915492953125 0.79865771875 0.61267605625 0.818791946875 0.6408450703125 0.8221476515624999 0.65140845 0.8120805375
0 0.549295775 0.9295302015625 0.5774647890625 0.9295302015625 0.61267605625 0.90604026875 0.61267605625 0.8825503359375 0.5915492953125 0.8624161078125001 0.580985915625 0.8624161078125001 0.5598591546875 0.8691275171875 0.542253521875 0.89261745 0.5387323937499999 0.9161073828124999 0.549295775 0.9295302015625
0 0.5281690140624999 0.8791946312500001 0.5528169015625 0.8557046984375001 0.56338028125 0.832214765625 0.556338028125 0.7953020140625 0.5387323937499999 0.7953020140625 0.492957746875 0.832214765625 0.4964788734375 0.8657718125 0.5105633796875 0.8791946312500001 0.5281690140624999 0.8791946312500001
0 0.482394365625 0.9328859062499999 0.5105633796875 0.912751678125 0.5140845078125 0.89261745 0.4894366203125 0.8691275171875 0.482394365625 0.8691275171875 0.43661971875 0.8892617453125 0.43661971875 0.9093959734375 0.4542253515625 0.9295302015625 0.482394365625 0.9328859062499999
0 0.45070422499999996 0.8624161078125001 0.4647887328125 0.8422818796874999 0.4647887328125 0.8120805375 0.443661971875 0.79865771875 0.4330985921875 0.79865771875 0.39084507031250004 0.8422818796874999 0.39084507031250004 0.8590604031250001 0.4084507046875 0.8691275171875 0.45070422499999996 0.8624161078125001
0 0.43661971875 0.9966442953125 0.42605633750000005 0.9899328859375001 0.4471830984375 0.95973154375 0.443661971875 0.9395973156249999 0.4084507046875 0.9093959734375 0.39436619687499996 0.9093959734375 0.37676056406249997 0.9496644296874999 0.380281690625 0.9832214765625 0.39084507031250004 0.9966442953125 0.43661971875 0.9966442953125
0 0.3521126765625 0.8791946312500001 0.3838028171875 0.8288590609375 0.380281690625 0.805369128125 0.37323943593750003 0.805369128125 0.32042253593750003 0.8255033562499999 0.2957746484375 0.8590604031250001 0.299295775 0.8758389265625001 0.3521126765625 0.8791946312500001
0 0.22887323906249998 0.8255033562499999 0.22887323906249998 0.7885906046875 0.21126760625 0.7684563765625 0.20774647812499997 0.7684563765625 0.1725352109375 0.7953020140625 0.1760563375 0.8523489937500001 0.21126760625 0.8422818796874999 0.22887323906249998 0.8255033562499999
0 0.1901408453125 0.7315436234375 0.1408450703125 0.6879194625 0.13732394375 0.6879194625 0.130281690625 0.748322146875 0.1584507046875 0.778523490625 0.1901408453125 0.751677853125 0.1901408453125 0.7315436234375
0 0.1091549296875 0.748322146875 0.11267605624999999 0.6912751671875 0.0915492953125 0.6711409390624999 0.0528169015625 0.708053690625 0.06690140781250001 0.7583892624999999 0.0915492953125 0.7617449671875 0.1091549296875 0.748322146875
0 0.0035211265625 0.7550335578125 0 0.7550335578125 0.007042253125 0.8120805375 0.0211267609375 0.8087248328125 0.031690140625 0.778523490625 0.0035211265625 0.7550335578125
0 0.06690140781250001 0.6107382546875 0.0246478875 0.60738255 0.0140845078125 0.60738255 0.0035211265625 0.6107382546875 0.0246478875 0.6577181203125 0.0704225359375 0.6208053687499999 0.06690140781250001 0.6107382546875
0 0.200704225 0.6174496640625 0.1654929578125 0.614093959375 0.14436619687500002 0.614093959375 0.14436619687500002 0.64765100625 0.18661971875 0.64765100625 0.200704225 0.6342281875 0.200704225 0.6174496640625
0 0.193661971875 0.5637583890625 0.1830985921875 0.5738255031249999 0.20774647812499997 0.5738255031249999 0.20422535156250002 0.5637583890625 0.193661971875 0.5637583890625
0 0.3661971828125 0.694630871875 0.3661971828125 0.67449664375 0.30985915468749997 0.6375838921875 0.2957746484375 0.6375838921875 0.2746478875 0.6442953015625 0.2711267609375 0.6644295296875 0.299295775 0.6979865765625 0.3661971828125 0.694630871875
0 0.2746478875 0.734899328125 0.299295775 0.7046979859375 0.29225352187500003 0.6879194625 0.2746478875 0.681208053125 0.2464788734375 0.681208053125 0.2147887328125 0.7114093953125 0.2147887328125 0.721476509375 0.2464788734375 0.7416107375000001 0.2746478875 0.734899328125
0 0.48591549218749996 0.7751677859375 0.5 0.7852349000000001 0.5070422531250001 0.7852349000000001 0.5105633796875 0.7818791953125 0.5281690140624999 0.7818791953125 0.542253521875 0.7751677859375 0.5457746484375 0.765100671875 0.5528169015625 0.7583892624999999 0.5528169015625 0.7449664421875 0.56338028125 0.7315436234375 0.56338028125 0.721476509375 0.556338028125 0.7147650999999999 0.549295775 0.7147650999999999 0.5457746484375 0.7181208046875 0.517605634375 0.7181208046875 0.5140845078125 0.7147650999999999 0.5105633796875 0.7147650999999999 0.492957746875 0.72818791875 0.4788732390625 0.7550335578125 0.4788732390625 0.7617449671875 0.48591549218749996 0.7751677859375
0 0.3978873234375 0.7315436234375 0.40140845 0.7315436234375 0.40492957812499997 0.7382550328125 0.419014084375 0.7416107375000001 0.43661971875 0.7550335578125 0.443661971875 0.7550335578125 0.4471830984375 0.7583892624999999 0.4753521125 0.7449664421875 0.4788732390625 0.7416107375000001 0.4788732390625 0.721476509375 0.45774647812499997 0.708053690625 0.4401408453125 0.708053690625 0.4330985921875 0.70134228125 0.419014084375 0.70134228125 0.41549295781250006 0.7046979859375 0.4084507046875 0.7046979859375 0.3978873234375 0.7181208046875 0.3978873234375 0.7315436234375
0 0.380281690625 0.5100671140624999 0.380281690625 0.5302013421875 0.3838028171875 0.5302013421875 0.39084507031250004 0.5369127515625001 0.39084507031250004 0.54026845625 0.40492957812499997 0.553691275 0.40492957812499997 0.5570469796874999 0.41197183125 0.5570469796874999 0.41549295781250006 0.560402684375 0.4330985921875 0.560402684375 0.443661971875 0.5503355703125 0.45070422499999996 0.5503355703125 0.4542253515625 0.5436241609375 0.4542253515625 0.533557046875 0.443661971875 0.5234899328125 0.443661971875 0.520134228125 0.43661971875 0.51342281875 0.42957746406249997 0.5 0.419014084375 0.4899328859375 0.419014084375 0.48657718125000005 0.41197183125 0.48657718125000005 0.4084507046875 0.48322147656250003 0.40492957812499997 0.48322147656250003 0.3978873234375 0.48657718125000005 0.3838028171875 0.5 0.3838028171875 0.506711409375 0.380281690625 0.5100671140624999
0 0.48591549218749996 0.520134228125 0.492957746875 0.5268456375 0.492957746875 0.5302013421875 0.5 0.533557046875 0.5105633796875 0.533557046875 0.5281690140624999 0.520134228125 0.5352112671875 0.520134228125 0.5457746484375 0.51342281875 0.549295775 0.4966442953125 0.5352112671875 0.48322147656250003 0.5281690140624999 0.48322147656250003 0.5246478875 0.479865771875 0.5105633796875 0.479865771875 0.5 0.48657718125000005 0.5 0.4966442953125 0.4964788734375 0.5 0.492957746875 0.4966442953125 0.492957746875 0.48322147656250003 0.4894366203125 0.479865771875 0.48591549218749996 0.479865771875 0.45774647812499997 0.493288590625 0.4542253515625 0.5 0.46126760625 0.5100671140624999 0.48591549218749996 0.520134228125
0 0.3169014078125 0.734899328125 0.3169014078125 0.7416107375000001 0.31338028125 0.7449664421875 0.330985915625 0.7583892624999999 0.345070421875 0.7617449671875 0.35563380312500004 0.7751677859375 0.37323943593750003 0.77181208125 0.39084507031250004 0.7583892624999999 0.37323943593750003 0.7382550328125 0.37676056406249997 0.734899328125 0.37323943593750003 0.72818791875 0.3661971828125 0.721476509375 0.35915492968749996 0.721476509375 0.35563380312500004 0.7181208046875 0.3521126765625 0.721476509375 0.3345070421875 0.721476509375 0.3274647890625 0.7248322140625 0.3169014078125 0.734899328125
0 0.2746478875 0.765100671875 0.2711267609375 0.77181208125 0.2746478875 0.7852349000000001 0.2852112671875 0.7953020140625 0.299295775 0.8020134234375 0.32042253593750003 0.8020134234375 0.3345070421875 0.7953020140625 0.34859155 0.778523490625 0.34859155 0.77181208125 0.345070421875 0.77181208125 0.3415492953125 0.765100671875 0.330985915625 0.765100671875 0.3239436625 0.7583892624999999 0.3239436625 0.7550335578125 0.3169014078125 0.751677853125 0.3169014078125 0.748322146875 0.306338028125 0.748322146875 0.3028169015625 0.751677853125 0.28873239375000004 0.7550335578125 0.2781690140625 0.765100671875 0.2746478875 0.765100671875
2 0.9964788734375001 0.640939596875 0.9964788734375001 0.600671140625 0.7640845078125 0.59395973125 0.7453943656249999 0.59395973125 0.5211267609375 0.59395973125 0.5211267609375 0.6208053687499999 0.5774647890625 0.6308724828125001 0.9964788734375001 0.640939596875
2 0.4647887328125 0.614093959375 0.4647887328125 0.59395973125 0.4401408453125 0.587248321875 0.23591549218750002 0.5771812078125 0.18661971875 0.5838926171875001 0.15140845 0.5738255031249999 0.007042253125 0.56711409375 0 0.56711409375 0.0035211265625 0.60738255 0.306338028125 0.6241610734374999 0.45070422499999996 0.6241610734374999 0.4647887328125 0.614093959375