0 0.0364077671875 0.9361702125000001 0.0461165046875 0.9234042546874999 0.0485436890625 0.9234042546874999 0.0558252421875 0.897872340625 0.0533980578125 0.8765957453125001 0.0436893203125 0.85957446875 0.0339805828125 0.85957446875 0.0097087375 0.893617021875 0.0097087375 0.9148936171875001 0.026699029687499997 0.9361702125000001 0.0364077671875 0.9361702125000001
0 0.572815534375 0.761702128125 0.563106796875 0.79574468125 0.563106796875 0.8042553187499999 0.567961165625 0.8127659578124999 0.577669903125 0.8085106390625001 0.592233009375 0.7787234046875 0.597087378125 0.7787234046875 0.6067961171875 0.770212765625 0.6116504859375 0.7531914890625 0.6140776703124999 0.73191489375 0.6165048546875 0.727659575 0.6165048546875 0.702127659375 0.6140776703124999 0.693617021875 0.6092233015625 0.6893617015625 0.5995145625 0.6893617015625 0.58495145625 0.702127659375 0.577669903125 0.7148936171875 0.572815534375 0.73191489375 0.572815534375 0.761702128125
0 0.839805825 0.9234042546874999 0.842233009375 0.9276595750000001 0.842233009375 0.9489361703125001 0.84466019375 0.9531914890625 0.8519417468749999 0.9531914890625 0.8689320390624999 0.9191489359375 0.8737864078124999 0.9191489359375 0.8834951453125001 0.9021276593750001 0.8834951453125001 0.893617021875 0.8883495140625 0.8808510640625 0.8883495140625 0.86808510625 0.8859223296875 0.8638297875 0.8859223296875 0.8468085109375 0.8762135921875001 0.834042553125 0.8713592234374999 0.834042553125 0.8519417468749999 0.8510638296874999 0.842233009375 0.872340425 0.842233009375 0.9191489359375 0.839805825 0.9234042546874999
0 0.483009709375 0.53191489375 0.480582525 0.5446808515625 0.497572815625 0.5659574468749999 0.507281553125 0.5659574468749999 0.5097087375 0.5617021281250001 0.51456310625 0.5617021281250001 0.5266990296875 0.5446808515625 0.5364077671875 0.54042553125 0.5388349515625 0.53191489375 0.5315533984374999 0.5148936171875 0.5242718453124999 0.4893617015625 0.516990290625 0.4893617015625 0.507281553125 0.497872340625 0.492718446875 0.5191489359375 0.4902912625 0.5191489359375 0.483009709375 0.53191489375
0 0.8762135921875001 0.4425531921875 0.8810679609375001 0.4553191484375 0.9004854375000001 0.47234042499999995 0.912621359375 0.47234042499999995 0.9199029124999999 0.4553191484375 0.9174757281250001 0.45106382968750003 0.9199029124999999 0.40425531875000004 0.91504854375 0.3914893609375 0.9004854375000001 0.3787234046875 0.8859223296875 0.3787234046875 0.8786407765625001 0.3914893609375 0.8786407765625001 0.40851063906249996 0.8762135921875001 0.4127659578125 0.8762135921875001 0.4425531921875
0 0.582524271875 0.6085106390624999 0.58495145625 0.6127659578125 0.58495145625 0.634042553125 0.587378640625 0.6425531921875 0.6092233015625 0.6425531921875 0.6237864078124999 0.629787234375 0.6237864078124999 0.625531915625 0.6334951453125 0.60425531875 0.6334951453125 0.5872340421875 0.6359223296875001 0.5829787234375 0.6262135921875001 0.5617021281250001 0.6140776703124999 0.5617021281250001 0.59466019375 0.59574468125 0.59466019375 0.6 0.589805825 0.6085106390624999 0.582524271875 0.6085106390624999
0 0.57524271875 0.5829787234375 0.577669903125 0.5872340421875 0.577669903125 0.59574468125 0.582524271875 0.6127659578125 0.587378640625 0.6127659578125 0.592233009375 0.60425531875 0.592233009375 0.6 0.6116504859375 0.5574468078125 0.6116504859375 0.5489361703125 0.6067961171875 0.54042553125 0.6067961171875 0.5361702125 0.6043689328124999 0.5361702125 0.5995145625 0.527659575 0.58495145625 0.527659575 0.577669903125 0.5446808515625 0.577669903125 0.5659574468749999 0.57524271875 0.570212765625 0.57524271875 0.5829787234375
0 0.9417475734374999 0.25957446875 0.9393203890624999 0.2638297875 0.9393203890624999 0.293617021875 0.9466019421875 0.3106382984375 0.9587378640625 0.3106382984375 0.9684466015625001 0.297872340625 0.9708737859375001 0.297872340625 0.9708737859375001 0.293617021875 0.9757281546875 0.2851063828125 0.9757281546875 0.238297871875 0.9684466015625001 0.2212765953125 0.9660194171875001 0.2085106390625 0.9611650484375 0.2085106390625 0.9490291265625 0.22553191562500002 0.9490291265625 0.23404255312500002 0.9441747578124999 0.24255319218750002 0.9417475734374999 0.25957446875
0 0.9466019421875 0 0.9441747578124999 0.00425531875 0.9393203890624999 0.00425531875 0.92961165 0.012765957812500001 0.9199029124999999 0.034042553125 0.9199029124999999 0.0553191484375 0.92475728125 0.0638297875 0.93446601875 0.0638297875 0.9368932031250001 0.06808510625 0.9466019421875 0.06808510625 0.9490291265625 0.0638297875 0.9587378640625 0.05957446875 0.9660194171875001 0.0468085109375 0.9684466015625001 0.034042553125 0.9781553390625 0.0170212765625 0.9781553390625 0.012765957812500001 0.9708737859375001 0 0.9587378640625 0 0.9466019421875 0
0 0.5364077671875 0.3148936171875 0.5388349515625 0.33191489375 0.5485436890625001 0.3446808515625 0.57038835 0.3446808515625 0.572815534375 0.34042553125 0.577669903125 0.34042553125 0.57524271875 0.3361702125 0.577669903125 0.33191489375 0.577669903125 0.302127659375 0.57038835 0.2851063828125 0.5533980578125 0.2851063828125 0.5509708734375 0.28936170156249996 0.5461165046875001 0.28936170156249996 0.5412621359374999 0.297872340625 0.5364077671875 0.3148936171875
0 0.1116504859375 0.07659574531249999 0.1140776703125 0.11063829843749999 0.12135922343750001 0.1191489359375 0.1262135921875 0.1191489359375 0.1310679609375 0.11063829843749999 0.1334951453125 0.097872340625 0.1383495140625 0.08936170156249999 0.14320388281250002 0.072340425 0.14320388281250002 0.0638297875 0.1383495140625 0.0468085109375 0.1383495140625 0.034042553125 0.1334951453125 0.025531915625000002 0.1286407765625 0.025531915625000002 0.12378640781250001 0.034042553125 0.12378640781250001 0.0468085109375 0.11893203906250001 0.0638297875 0.1116504859375 0.07659574531249999
0 0.3932038828125 0 0.3883495140625 0.0085106390625 0.3883495140625 0.0212765953125 0.3932038828125 0.025531915625000002 0.4199029125 0.025531915625000002 0.427184465625 0.012765957812500001 0.42961165 0.012765957812500001 0.43446601874999996 0.00425531875 0.43446601874999996 0 0.42071116562500005 0 0.3932038828125 0
0 0.160194175 0.3574468078125 0.16504854375 0.370212765625 0.1699029125 0.374468084375 0.17961164999999998 0.374468084375 0.186893203125 0.361702128125 0.18932038906249998 0.3361702125 0.19174757343749999 0.33191489375 0.19174757343749999 0.3148936171875 0.186893203125 0.306382978125 0.186893203125 0.302127659375 0.18203883437499999 0.302127659375 0.17475728125 0.293617021875 0.167475728125 0.293617021875 0.162621359375 0.297872340625 0.162621359375 0.3106382984375 0.160194175 0.3148936171875 0.160194175 0.3574468078125
0 0.1140776703125 0.370212765625 0.12135922343750001 0.3872340421875 0.1286407765625 0.3872340421875 0.14563106718750002 0.361702128125 0.14563106718750002 0.3531914890625 0.148058253125 0.3489361703125 0.148058253125 0.297872340625 0.14563106718750002 0.293617021875 0.14320388281250002 0.293617021875 0.14077669843750001 0.297872340625 0.1359223296875 0.297872340625 0.1165048546875 0.3361702125 0.1140776703125 0.370212765625
0 0.6383495140625 0.293617021875 0.6456310671875001 0.302127659375 0.65533980625 0.302127659375 0.657766990625 0.297872340625 0.667475728125 0.297872340625 0.672330096875 0.293617021875 0.68446601875 0.2638297875 0.68446601875 0.25957446875 0.67961165 0.25957446875 0.677184465625 0.2638297875 0.6699029125 0.2638297875 0.667475728125 0.25957446875 0.652912621875 0.25957446875 0.6383495140625 0.25957446875 0.6359223296875001 0.2638297875 0.6359223296875001 0.2851063828125 0.6383495140625 0.293617021875
0 0.46844660156250006 0.3872340421875 0.46844660156250006 0.4 0.47087378593749996 0.40425531875000004 0.47087378593749996 0.4127659578125 0.4757281546875 0.42127659531250006 0.4902912625 0.425531915625 0.492718446875 0.429787234375 0.492718446875 0.42127659531250006 0.497572815625 0.4127659578125 0.497572815625 0.40425531875000004 0.507281553125 0.3914893609375 0.50485436875 0.3829787234375 0.50485436875 0.34042553125 0.502427184375 0.34042553125 0.5 0.3361702125 0.497572815625 0.34042553125 0.487864078125 0.3446808515625 0.4733009703125 0.370212765625 0.46844660156250006 0.3872340421875
0 0.18446601875 0.5234042546875 0.18932038906249998 0.53191489375 0.18932038906249998 0.5361702125 0.1966019421875 0.5446808515625 0.2038834953125 0.5446808515625 0.2038834953125 0.54042553125 0.2087378640625 0.5361702125 0.2233009703125 0.5106382984375 0.22815533906250002 0.5106382984375 0.22815533906250002 0.506382978125 0.2257281546875 0.506382978125 0.22087378593749998 0.497872340625 0.22087378593749998 0.4893617015625 0.2111650484375 0.4765957453125 0.2014563109375 0.4765957453125 0.19174757343749999 0.48510638281249996 0.18203883437499999 0.5021276593749999 0.18203883437499999 0.5148936171875 0.18446601875 0.5234042546875
0 0 0.54042553125 0.012135921875 0.5489361703125 0.016990290625 0.5574468078125 0.019417475 0.5531914890625 0.031553398437500005 0.5531914890625 0.031553398437500005 0.5361702125 0.0339805828125 0.53191489375 0.031553398437500005 0.5148936171875 0.0218446609375 0.497872340625 0.00485436875 0.497872340625 0 0.5021276593749999 0 0.54042553125
2 0.45873786406250006 0.33191489375 0.483009709375 0.3106382984375 0.50485436875 0.3148936171875 0.5339805828124999 0.306382978125 0.5606796109375 0.2765957453125 0.592233009375 0.2851063828125 0.6140776703124999 0.272340425 0.597087378125 0.25106382968749996 0.5436893203125 0.25531914843750003 0.3616504859375 0.3234042546875 0.3567961171875 0.33191489375 0.3616504859375 0.3531914890625 0.3762135921875 0.3574468078125 0.45873786406250006 0.33191489375
2 0 0.506382978125 0.012135921875 0.5021276593749999 0.019417475 0.493617021875 0.0388349515625 0.497872340625 0.087378640625 0.4765957453125 0.09466019375 0.46808510625000005 0.1043689328125 0.46808510625000005 0.1116504859375 0.45957446874999996 0.0995145625 0.429787234375 0.08980582499999999 0.429787234375 0.087378640625 0.434042553125 0.0800970875 0.434042553125 0.077669903125 0.43829787187499997 0.07038835 0.43829787187499997 0.00485436875 0.46808510625000005 0 0.47234042499999995 0 0.506382978125
2 0.66504854375 0.24255319218750002 0.667475728125 0.2468085109375 0.7135922328125 0.2468085109375 0.75 0.238297871875 0.747572815625 0.2170212765625 0.737864078125 0.22553191562500002 0.7184466015625001 0.22553191562500002 0.7160194171875001 0.2212765953125 0.7135922328125 0.22553191562500002 0.6990291265625 0.2127659578125 0.6893203890625 0.2127659578125 0.65533980625 0.23404255312500002 0.65533980625 0.238297871875 0.657766990625 0.24255319218750002 0.66504854375 0.24255319218750002
2 0.9490291265625 0.1872340421875 0.9538834953125 0.1829787234375 0.9538834953125 0.174468084375 0.9563106796874999 0.170212765625 0.9684466015625001 0.170212765625 0.9757281546875 0.1787234046875 0.9902912625000001 0.1787234046875 0.997572815625 0.174468084375 0.997572815625 0.13191489375 0.9490291265625 0.14042553124999999 0.9441747578124999 0.1489361703125 0.9466019421875 0.1531914890625 0.9466019421875 0.1829787234375 0.9490291265625 0.1872340421875
2 0.83495145625 0.2085106390625 0.83495145625 0.2127659578125 0.8713592234374999 0.20425531874999997 0.8713592234374999 0.170212765625 0.8616504859375 0.1787234046875 0.84466019375 0.1787234046875 0.837378640625 0.1829787234375 0.83495145625 0.1787234046875 0.817961165625 0.1787234046875 0.81553398125 0.1829787234375 0.8058252421875001 0.1787234046875 0.8009708734375 0.1829787234375 0.8009708734375 0.19574468125 0.8033980578125 0.2 0.83495145625 0.2085106390625
2 0.160194175 0.43829787187499997 0.177184465625 0.43829787187499997 0.3033980578125 0.3872340421875 0.3082524265625 0.3787234046875 0.342233009375 0.370212765625 0.342233009375 0.361702128125 0.332524271875 0.3361702125 0.313106796875 0.3361702125 0.1334951453125 0.40851063906249996 0.11893203906250001 0.4170212765625 0.11893203906250001 0.429787234375 0.1359223296875 0.4553191484375 0.160194175 0.43829787187499997
0 0.82038835 0.25531914843750003 0.7791262140625 0.25531914843750003 0.7791262140625 0.25957446875 0.7888349515625 0.2765957453125 0.7912621359374999 0.2765957453125 0.7936893203125 0.2851063828125 0.8082524265625001 0.297872340625 0.822815534375 0.297872340625 0.8276699031250001 0.28936170156249996 0.8276699031250001 0.2765957453125 0.8325242718749999 0.26808510625 0.8325242718749999 0.25957446875 0.8276699031250001 0.24255319218750002 0.822815534375 0.238297871875 0.82038835 0.238297871875 0.817961165625 0.24255319218750002 0.817961165625 0.2468085109375 0.822815534375 0.25106382968749996 0.82038835 0.25531914843750003