0 0.28832951875 0.1561461796875 0.30434782656250003 0.136212625 0.308924484375 0.0863787375 0.286041190625 0.046511628124999996 0.27688787187499997 0.046511628124999996 0.265446225 0.076411959375 0.2631578953125 0.10963455156249999 0.2745995421875 0.1428571421875 0.28832951875 0.1561461796875
0 0.153318078125 0.29568106250000004 0.1830663609375 0.299003321875 0.20594965625 0.21926910312499998 0.20366132656249997 0.21594684375 0.18993135 0.23588039843750003 0.12356979374999999 0.24584717656250002 0.1212814640625 0.262458471875 0.153318078125 0.29568106250000004
0 0.2288329515625 0.312292359375 0.23112128125 0.2724252484375 0.21510297500000003 0.24584717656250002 0.20594965625 0.24584717656250002 0.178489703125 0.3156146171875 0.1922196796875 0.33887043125 0.20366132656249997 0.33887043125 0.2288329515625 0.312292359375
0 0.0480549203125 0.41196013281250005 0.09153318125 0.398671096875 0.1006864984375 0.38538205937500003 0.086956521875 0.35880398593749996 0.086956521875 0.342192690625 0.0686498859375 0.3222591359375 0.056064073437499994 0.3222591359375 0.0389016015625 0.3255813953125 0.0320366125 0.34551495 0.0320366125 0.3820598 0.0480549203125 0.41196013281250005
0 0.40503432500000003 0.3621262453125 0.41876430156250005 0.3355481734375 0.41876430156250005 0.3156146171875 0.4027459953125 0.305647840625 0.384439359375 0.305647840625 0.35926773437500004 0.34551495 0.35926773437500004 0.3621262453125 0.375286040625 0.3787375421875 0.40503432500000003 0.3621262453125
0 0.2974828375 0.478405315625 0.3157894734375 0.47176079687500005 0.32723112187500003 0.45182724218750003 0.32723112187500003 0.38870431875 0.31350114375000004 0.38870431875 0.292906178125 0.4053156140625 0.286041190625 0.42524916875 0.28832951875 0.4651162796875 0.2974828375 0.478405315625
0 0.32723112187500003 0.38870431875 0.33180777968749997 0.41196013281250005 0.3409610984375 0.4152823921875 0.3501144171875 0.398671096875 0.3409610984375 0.3687707640625 0.3478260875 0.3355481734375 0.334096109375 0.30897009999999997 0.31350114375000004 0.30897009999999997 0.29977116718749997 0.3322259140625 0.29977116718749997 0.35215946875 0.30663615625 0.3787375421875 0.32723112187500003 0.38870431875
0 0.5926773453124999 0.435215946875 0.594965675 0.40863787343749997 0.58581235625 0.3787375421875 0.574370709375 0.3787375421875 0.5537757437499999 0.42524916875 0.5537757437499999 0.445182725 0.565217390625 0.4684385375 0.5926773453124999 0.435215946875
0 0.34553775781249996 0.56146179375 0.34553775781249996 0.5415282390625 0.33638443906250004 0.5315614625 0.33180777968749997 0.5315614625 0.29977116718749997 0.554817275 0.28832951875 0.614617940625 0.334096109375 0.59800664375 0.34553775781249996 0.56146179375
0 0.23112128125 0.830564784375 0.260869565625 0.790697675 0.2631578953125 0.7574750828125 0.2540045765625 0.744186046875 0.24713958749999998 0.744186046875 0.21510297500000003 0.780730896875 0.2128146453125 0.8073089703124999 0.2219679640625 0.830564784375 0.23112128125 0.830564784375
0 0.36384439375 0.6843853828124999 0.37757437031249996 0.6677740859375 0.37757437031249996 0.644518271875 0.3729977109375 0.614617940625 0.3615560640625 0.601328903125 0.343249428125 0.601328903125 0.33180777968749997 0.6411960140625 0.334096109375 0.657807309375 0.34553775781249996 0.6777408640625 0.36384439375 0.6843853828124999
0 0.4485125859375 0.651162790625 0.4485125859375 0.6279069765624999 0.43020595000000006 0.5847176078125 0.42105263125 0.5847176078125 0.40503432500000003 0.6345514953125 0.416475971875 0.6644518265625 0.434782609375 0.6710963453125001 0.4485125859375 0.651162790625
0 0.542334096875 0.5315614625 0.5675057203125 0.5016611296875 0.5720823796875 0.478405315625 0.5560640734375 0.4651162796875 0.5469107546875 0.4651162796875 0.5148741421875 0.4916943515625 0.5125858125 0.521594684375 0.524027459375 0.5348837203125 0.542334096875 0.5315614625
0 0.7459954234375 0.45182724218750003 0.7665903890625 0.41196013281250005 0.7665903890625 0.39202657812499997 0.7482837531250001 0.38538205937500003 0.739130434375 0.38538205937500003 0.71167048125 0.428571428125 0.7185354687500001 0.44850498281249995 0.732265446875 0.4551495015625 0.7459954234375 0.45182724218750003
0 0.8169336390625 0.435215946875 0.805491990625 0.3953488375 0.79405034375 0.3953488375 0.7826086953125 0.3953488375 0.773455378125 0.40863787343749997 0.7665903890625 0.4551495015625 0.8169336390625 0.435215946875
0 0.7826086953125 0.39202657812499997 0.805491990625 0.39202657812499997 0.8123569796875 0.3820598 0.830663615625 0.3289036546875 0.8237986265625 0.312292359375 0.8215102968749999 0.312292359375 0.8123569796875 0.3289036546875 0.784897025 0.342192690625 0.7780320359374999 0.3687707640625 0.7826086953125 0.39202657812499997
0 0.8672768874999999 0.2392026578125 0.8581235703125 0.22923587968749998 0.8535469109375 0.22923587968749998 0.830663615625 0.262458471875 0.8329519453125 0.3222591359375 0.8649885578125 0.28571428593750003 0.8672768874999999 0.2392026578125
0 0.8443935921874999 0.2325581390625 0.85125858125 0.19269102968750002 0.8329519453125 0.182724253125 0.8237986265625 0.182724253125 0.8100686500000001 0.1993355484375 0.7963386734375 0.25913621249999996 0.830663615625 0.25249169375 0.8443935921874999 0.2325581390625
0 0.9473684203125 0.26578073125 0.9450800921875 0.255813953125 0.9244851265625 0.24584717656250002 0.922196796875 0.2425249171875 0.897025171875 0.2823920265625 0.9038901609375 0.30897009999999997 0.9244851265625 0.305647840625 0.9473684203125 0.26578073125
0 0.9931350109375 0.2923588046875 0.988558353125 0.269102990625 0.9771167046875 0.255813953125 0.9656750578125 0.255813953125 0.954233409375 0.2823920265625 0.9656750578125 0.3255813953125 0.9794050343749999 0.342192690625 0.9931350109375 0.2923588046875
0 0.7780320359374999 0.52491694375 0.7757437078125 0.5083056484374999 0.7643020593750001 0.49833887031249996 0.7620137296875 0.4950166109375 0.74370709375 0.5016611296875 0.734553775 0.52491694375 0.7620137296875 0.5448504984375 0.7780320359374999 0.52491694375
0 0.80091533125 0.5415282390625 0.789473684375 0.5415282390625 0.7528604125 0.5780730890625 0.773455378125 0.614617940625 0.79405034375 0.6046511625 0.80091533125 0.5415282390625
0 0.723112128125 0.7109634546875 0.7368421046875 0.6976744187499999 0.7368421046875 0.6744186046875 0.732265446875 0.657807309375 0.713958809375 0.65448505 0.7093821515625 0.65448505 0.6956521734375001 0.6677740859375 0.6887871859375 0.6943521593749999 0.7048054921875 0.7109634546875 0.723112128125 0.7109634546875
0 0.6453089249999999 0.6843853828124999 0.6544622421875 0.651162790625 0.6475972546875 0.6312292359375 0.6338672765625 0.6312292359375 0.6178489703125 0.64784053125 0.615560640625 0.687707640625 0.6224256296874999 0.6976744187499999 0.6453089249999999 0.6843853828124999
0 0.6132723109375 0.7508305640625 0.6201373 0.730897009375 0.6201373 0.7043189375 0.6086956515625 0.6810631234375 0.594965675 0.6810631234375 0.583524028125 0.687707640625 0.57894736875 0.730897009375 0.5995423343749999 0.7541528234375 0.6132723109375 0.7508305640625
0 0.7208237984375 0.8006644515625 0.7368421046875 0.7940199328124999 0.7459954234375 0.7707641203125 0.74370709375 0.7176079734374999 0.739130434375 0.7109634546875 0.7254004578125001 0.7209302328125 0.71167048125 0.7541528234375 0.71167048125 0.780730896875 0.7208237984375 0.8006644515625
0 0.8741418765625 0.737541528125 0.881006865625 0.7142857140625 0.8604119000000001 0.6943521593749999 0.855835240625 0.6943521593749999 0.8375286046875001 0.7275747515625001 0.8375286046875001 0.7574750828125 0.855835240625 0.7574750828125 0.8741418765625 0.737541528125
0 0.9496567499999999 0.8338870437500001 0.938215103125 0.8106312296875 0.922196796875 0.8106312296875 0.90160183125 0.8372093015625 0.9176201374999999 0.87043189375 0.9473684203125 0.8471760796875 0.9496567499999999 0.8338870437500001
0 0.7757437078125 0.92026578125 0.780320365625 0.873754153125 0.7711670484375001 0.863787375 0.76887871875 0.863787375 0.74370709375 0.8970099671874999 0.7368421046875 0.9501661125 0.7528604125 0.946843853125 0.7757437078125 0.92026578125
0 0.5766590390624999 0.9667774093749999 0.5881006859375 0.9235880406250001 0.583524028125 0.9069767437499999 0.5812356984375 0.9036544843750001 0.542334096875 0.9401993359375 0.5514874140625 0.9833887046875001 0.5606407328125 0.9867109640624999 0.5766590390624999 0.9667774093749999
0 0.61098398125 0.863787375 0.615560640625 0.8106312296875 0.6086956515625 0.8106312296875 0.5812356984375 0.830564784375 0.5766590390624999 0.8870431890624999 0.583524028125 0.8936877078125001 0.61098398125 0.863787375
0 0.5675057203125 0.880398671875 0.5812356984375 0.863787375 0.5812356984375 0.8405315609375 0.574370709375 0.830564784375 0.561784896875 0.830564784375 0.5377574375 0.8438538203125001 0.5377574375 0.863787375 0.5469107546875 0.880398671875 0.5675057203125 0.880398671875