0 0 0.2218309859375 0.011389521875 0.2218309859375 0.021640090625 0.20774647812499997 0.021640090625 0.19718309843749998 0.0170842828125 0.1901408453125 0.01025056875 0.1901408453125 0 0.20246478906249998 0 0.2218309859375
0 0.031890660937499996 0.20774647812499997 0.0261959 0.20774647812499997 0.013667426562500001 0.22359155 0.034168565625 0.23415492968749999 0.037585421875000004 0.22535211249999998 0.031890660937499996 0.20774647812499997
0 0.05580865625 0.23943662031250001 0.0592255125 0.22007042187499998 0.0466970390625 0.20246478906249998 0.039863325 0.20246478906249998 0.039863325 0.232394365625 0.0432801828125 0.2411971828125 0.051252846875 0.244718309375 0.05580865625 0.23943662031250001
0 0.0284738046875 0.29225352187500003 0.0353075171875 0.2746478875 0.0330296125 0.26232394375 0.025056946875000003 0.25352112656250003 0.0205011390625 0.25352112656250003 0.014806378125 0.26232394375 0.015945329687500003 0.28873239375000004 0.0205011390625 0.2957746484375 0.0284738046875 0.29225352187500003
0 0.070615034375 0.0968309859375 0.07858770000000001 0.08802816875 0.07858770000000001 0.0739436625 0.0649202734375 0.044014084375 0.06378132187499999 0.044014084375 0.0603644640625 0.049295775 0.0603644640625 0.0792253515625 0.06264236875 0.0915492953125 0.070615034375 0.0968309859375
0 0.1343963546875 0.080985915625 0.1252847375 0.0528169015625 0.118451025 0.0528169015625 0.113895215625 0.080985915625 0.11731207343750001 0.0915492953125 0.126423690625 0.0968309859375 0.1343963546875 0.080985915625
0 0.1867881546875 0.095070421875 0.19362186718750002 0.082746478125 0.1833712984375 0.0651408453125 0.1765375859375 0.0651408453125 0.16400911093749998 0.0792253515625 0.16400911093749998 0.08626760624999999 0.1788154890625 0.0968309859375 0.1867881546875 0.095070421875
0 0.21640091093749997 0.08626760624999999 0.222095671875 0.0845070421875 0.23006833750000003 0.0704225359375 0.22437357656249998 0.049295775 0.222095671875 0.049295775 0.21526195937499998 0.0528169015625 0.2084282453125 0.06690140781250001 0.2084282453125 0.075704225 0.21640091093749997 0.08626760624999999
0 0.2425968109375 0.1003521125 0.2539863328125 0.08626760624999999 0.251708428125 0.06690140781250001 0.2460136671875 0.0580985921875 0.241457859375 0.0580985921875 0.23462414531250003 0.068661971875 0.2323462421875 0.08626760624999999 0.23462414531250003 0.095070421875 0.2425968109375 0.1003521125
0 0.20728929375 0.244718309375 0.2175398640625 0.244718309375 0.22437357656249998 0.232394365625 0.22551252812499997 0.22007042187499998 0.218678815625 0.20774647812499997 0.21355353125 0.19982394375 0.2084282453125 0.1919014078125 0.2038724375 0.19718309843749998 0.20273348593749999 0.23415492968749999 0.20728929375 0.244718309375
0 0.1753986328125 0.23943662031250001 0.19817767656250002 0.23943662031250001 0.2015945328125 0.21654929531249997 0.197038725 0.2095070421875 0.19077448749999998 0.2095070421875 0.18451025000000001 0.2095070421875 0.1765375859375 0.22007042187499998 0.1731207296875 0.22887323906249998 0.1753986328125 0.23943662031250001
0 0.192482915625 0.28873239375000004 0.20045558125000001 0.2852112671875 0.21070614999999998 0.26936619687499996 0.2095671984375 0.2605633796875 0.199316628125 0.25352112656250003 0.1902050109375 0.25352112656250003 0.1799544421875 0.2640845078125 0.1776765375 0.2746478875 0.18109339375 0.2834507046875 0.192482915625 0.28873239375000004
0 0.1799544421875 0.33274647812499997 0.185649203125 0.325704225 0.1867881546875 0.3080985921875 0.17425968125 0.294014084375 0.1731207296875 0.294014084375 0.1651480640625 0.299295775 0.162870159375 0.31514084531250003 0.1685649203125 0.3292253515625 0.1799544421875 0.33274647812499997
0 0.1537585421875 0.357394365625 0.1605922546875 0.3503521125 0.1651480640625 0.330985915625 0.1583143515625 0.3239436625 0.1537585421875 0.3239436625 0.1457858765625 0.3274647890625 0.1378132125 0.3397887328125 0.1389521640625 0.3538732390625 0.1537585421875 0.357394365625
0 0.29954441875 0.1021126765625 0.30637813281250004 0.0968309859375 0.307517084375 0.0792253515625 0.2938496578125 0.0580985921875 0.28929385 0.0580985921875 0.28587699375 0.06690140781250001 0.28929385 0.0915492953125 0.29271070625 0.1003521125 0.29954441875 0.1021126765625
0 0.3974943046875 0.267605634375 0.40432801874999996 0.25352112656250003 0.40546697031249995 0.2464788734375 0.3974943046875 0.22535211249999998 0.392938496875 0.22535211249999998 0.38154897499999996 0.242957746875 0.3838268796875 0.26232394375 0.389521640625 0.26936619687499996 0.3974943046875 0.267605634375
0 0.45102505624999994 0.1654929578125 0.46013667500000005 0.1531690140625 0.46127562656250004 0.13732394375 0.44874715312499996 0.1214788734375 0.4464692484375 0.1214788734375 0.4396355359375 0.132042253125 0.4384965828125 0.1531690140625 0.44419134375 0.16373239374999998 0.45102505624999994 0.1654929578125
0 0.41571754062500005 0.10387323906249998 0.42141229999999996 0.093309859375 0.42255125312499997 0.082746478125 0.4134396359375 0.0739436625 0.4100227796875 0.0739436625 0.3974943046875 0.0845070421875 0.40091116250000003 0.1003521125 0.407744875 0.107394365625 0.41571754062500005 0.10387323906249998
0 0.3428246015625 0.0915492953125 0.3496583140625 0.0774647890625 0.35079726718750004 0.068661971875 0.343963553125 0.054577464062500004 0.340546696875 0.049295775 0.33599088906249996 0.0580985921875 0.329157175 0.059859154687500006 0.330296128125 0.08626760624999999 0.3428246015625 0.0915492953125
0 0.3690205015625 0.080985915625 0.37699316562499996 0.06690140781250001 0.370159453125 0.0528169015625 0.3621867875 0.049295775 0.355353075 0.049295775 0.3530751703125 0.059859154687500006 0.3564920265625 0.0704225359375 0.363325740625 0.080985915625 0.3690205015625 0.080985915625
0 0.4578587703125 0.1003521125 0.46241457812500003 0.08626760624999999 0.46013667500000005 0.0651408453125 0.4567198171875 0.0651408453125 0.44191343906249997 0.0792253515625 0.44191343906249997 0.10387323906249998 0.452164009375 0.107394365625 0.4578587703125 0.1003521125
0 0.455580865625 0.0528169015625 0.4544419140625 0.05105633750000001 0.4544419140625 0.059859154687500006 0.458997721875 0.06161971875 0.458997721875 0.054577464062500004 0.455580865625 0.0528169015625
0 0.5056947609375 0.105633803125 0.5170842828125 0.0845070421875 0.5159453296875001 0.0651408453125 0.5091116171875 0.0651408453125 0.5011389515625 0.0704225359375 0.49430523906249996 0.0845070421875 0.5011389515625 0.105633803125 0.5056947609375 0.105633803125
0 0.481776765625 0.0968309859375 0.48747152656250003 0.0915492953125 0.488610478125 0.075704225 0.48633257343749997 0.06690140781250001 0.47494305312499996 0.056338028124999995 0.4738041 0.056338028124999995 0.4669703875 0.06338028125 0.4669703875 0.082746478125 0.4738041 0.0968309859375 0.481776765625 0.0968309859375
0 0.5353075171875 0.13908450781249998 0.5353075171875 0.1214788734375 0.5296127562499999 0.1161971828125 0.5284738046874999 0.11443662031249999 0.5136674265625001 0.1267605640625 0.5148063781250001 0.1531690140625 0.525056946875 0.1531690140625 0.5353075171875 0.13908450781249998
0 0.5523918 0.1531690140625 0.5421412296875 0.13732394375 0.541002278125 0.1355633796875 0.5307517078124999 0.1478873234375 0.5296127562499999 0.1602112671875 0.539863325 0.174295775 0.5523918 0.1531690140625
0 0.56947608125 0.14612676093750002 0.5728929390624999 0.13732394375 0.5728929390624999 0.132042253125 0.56264236875 0.11971830937500001 0.5535307515625 0.11971830937500001 0.5421412296875 0.125 0.539863325 0.1338028171875 0.55580865625 0.15140845 0.56947608125 0.14612676093750002
0 0.5615034171875 0.1003521125 0.5728929390624999 0.08802816875 0.5763097953125 0.075704225 0.5740318906249999 0.0651408453125 0.567957859375 0.0651408453125 0.55580865625 0.0651408453125 0.5501138953125 0.0792253515625 0.554669703125 0.0968309859375 0.5615034171875 0.1003521125
0 0.592255125 0.1021126765625 0.59567198125 0.095070421875 0.593394078125 0.0774647890625 0.5831435078125 0.06161971875 0.58200455625 0.06161971875 0.5763097953125 0.075704225 0.5763097953125 0.09859155 0.58200455625 0.105633803125 0.592255125 0.1021126765625
0 0.5603644640625001 0 0.5432801828125 0.022887323437500003 0.544419134375 0.054577464062500004 0.54897494375 0.054577464062500004 0.5535307515625 0.0404929578125 0.5649202734375 0.028169014062499997 0.5660592249999999 0.005281690625 0.56264236875 0 0.5603644640625001 0
0 0.59567198125 0.019366196874999998 0.5876993171875 0.01232394375 0.5814350796875 0.01232394375 0.5717539859375 0.0158450703125 0.5797266515625 0.0352112671875 0.5990888375 0.03697183125 0.59567198125 0.019366196874999998
0 0.49544419062499995 0.022887323437500003 0.4908883828125 0.0105633796875 0.481776765625 0.0105633796875 0.4738041 0.0158450703125 0.4738041 0.029929578125000002 0.49316628749999997 0.031690140625 0.49544419062499995 0.022887323437500003
0 0.6127562640625001 0.1602112671875 0.6173120734374999 0.1602112671875 0.6241457859375 0.1478873234375 0.6252847375 0.130281690625 0.62186788125 0.11443662031249999 0.6184510249999999 0.1091549296875 0.613895215625 0.1109154921875 0.6059225515625 0.130281690625 0.607061503125 0.1531690140625 0.6127562640625001 0.1602112671875
0 0.6776765375 0.095070421875 0.68451025 0.0915492953125 0.689066059375 0.0792253515625 0.6902050109375 0.06690140781250001 0.6867881546875 0.06161971875 0.6776765375 0.06161971875 0.6731207296874999 0.0651408453125 0.669703871875 0.0792253515625 0.670842825 0.08802816875 0.6776765375 0.095070421875
0 0.7072892937499999 0.107394365625 0.71412300625 0.08978873281250001 0.7061503421875 0.06338028125 0.7027334859375001 0.06338028125 0.6947608203125 0.08626760624999999 0.6947608203125 0.09859155 0.70045558125 0.1091549296875 0.7072892937499999 0.107394365625
0 0.7630979499999999 0 0.758542140625 0.0105633796875 0.7608200453125 0.029929578125000002 0.7676537578125 0.03697183125 0.7756264234375 0.03697183125 0.7790432796875 0.0334507046875 0.7801822328125 0.019366196874999998 0.7687927109375 0 0.7630979499999999 0
0 0.79954441875 0.117957746875 0.8109339406249999 0.09859155 0.8143507968750001 0.082746478125 0.8109339406249999 0.0792253515625 0.8097949890624999 0.0792253515625 0.78929385 0.08978873281250001 0.78587699375 0.0968309859375 0.7870159453125 0.1091549296875 0.79954441875 0.117957746875
0 0.8758542140625 0.117957746875 0.8758542140625 0.1021126765625 0.8701594531250001 0.08978873281250001 0.8678815484375001 0.08978873281250001 0.8564920265625 0.1109154921875 0.85876993125 0.1232394359375 0.8644646921874999 0.1285211265625 0.8758542140625 0.117957746875
0 0.7323462421875 0.24823943593750003 0.7391799546875 0.22535211249999998 0.7346241453125 0.2095070421875 0.7277904328125 0.20246478906249998 0.722095671875 0.20246478906249998 0.7175398640624999 0.20422535156250002 0.71412300625 0.232394365625 0.72665148125 0.24823943593750003 0.7323462421875 0.24823943593750003
0 0.682232346875 0.28873239375000004 0.6731207296874999 0.27640845 0.66742596875 0.27640845 0.652619590625 0.2904929578125 0.669703871875 0.31338028125 0.6833712984375 0.299295775 0.682232346875 0.28873239375000004
0 0.6309794984375 0.299295775 0.640091115625 0.2852112671875 0.6355353078125 0.2746478875 0.6275626421875 0.26936619687499996 0.62186788125 0.26936619687499996 0.61503416875 0.2728873234375 0.6116173125000001 0.2852112671875 0.6195899765624999 0.2975352109375 0.6309794984375 0.299295775
0 0.593394078125 0.31161971875 0.5990888375 0.3028169015625 0.5990888375 0.27640845 0.5911161734375 0.27640845 0.577448746875 0.2904929578125 0.577448746875 0.3080985921875 0.58200455625 0.31514084531250003 0.593394078125 0.31161971875
0 0.6093394078125 0.33802816875 0.61503416875 0.3221830984375 0.607061503125 0.3080985921875 0.5990888375 0.3080985921875 0.5899772203125 0.3169014078125 0.5865603640625 0.3345070421875 0.600227790625 0.3415492953125 0.6093394078125 0.33802816875
0 0.623006834375 0.35915492968749996 0.623006834375 0.3415492953125 0.6184510249999999 0.3345070421875 0.6127562640625001 0.3345070421875 0.6025056953125 0.3468309859375 0.6036446468750001 0.369718309375 0.61503416875 0.369718309375 0.623006834375 0.35915492968749996
0 0.6343963546875 0.3521126765625 0.6423690203125 0.3503521125 0.6503416859375 0.33626760624999996 0.64123006875 0.32042253593750003 0.633257403125 0.32042253593750003 0.626423690625 0.325704225 0.623006834375 0.33626760624999996 0.6252847375 0.345070421875 0.6343963546875 0.3521126765625
0 0.6628701593749999 0.3080985921875 0.652619590625 0.28873239375000004 0.6480637812500001 0.28873239375000004 0.64123006875 0.318661971875 0.6537585421875 0.3345070421875 0.6617312078124999 0.3221830984375 0.6628701593749999 0.3080985921875
0 0.669703871875 0.375 0.6594533031250001 0.35915492968749996 0.6514806375 0.35915492968749996 0.6423690203125 0.369718309375 0.6423690203125 0.382042253125 0.6685649203125 0.3890845078125 0.669703871875 0.375
0 0.7072892937499999 0.40669014062500003 0.7072892937499999 0.3961267609375 0.6936218671875001 0.380281690625 0.6833712984375 0.380281690625 0.6788154890625 0.3855633796875 0.6776765375 0.3961267609375 0.6867881546875 0.41197183125 0.7072892937499999 0.40669014062500003
0 0.67425968125 0.42253521093749996 0.6799544421875 0.41373239375 0.6788154890625 0.40492957812499997 0.669703871875 0.39084507031250004 0.6634396359375 0.39084507031250004 0.656036446875 0.392605634375 0.6571753984375001 0.41725352187500003 0.6605922546875 0.42253521093749996 0.67425968125 0.42253521093749996
0 0.656036446875 0.392605634375 0.652619590625 0.3890845078125 0.6423690203125 0.3890845078125 0.6309794984375 0.4102112671875 0.6389521640625 0.4207746484375 0.6537585421875 0.41725352187500003 0.656036446875 0.392605634375
0 0.6173120734374999 0.443661971875 0.6241457859375 0.4330985921875 0.62186788125 0.4102112671875 0.61503416875 0.3996478875 0.6116173125000001 0.3996478875 0.6025056953125 0.4207746484375 0.6025056953125 0.4401408453125 0.607061503125 0.4471830984375 0.6173120734374999 0.443661971875
0 0.5136674265625001 0.4084507046875 0.5170842828125 0.39436619687499996 0.51025056875 0.382042253125 0.5011389515625 0.37676056406249997 0.49430523906249996 0.37676056406249997 0.48747152656250003 0.3838028171875 0.48633257343749997 0.3961267609375 0.5022779046875 0.41197183125 0.5136674265625001 0.4084507046875
0 0.6423690203125 0.4753521125 0.6469248296875 0.46302816875 0.6469248296875 0.44894366249999995 0.6389521640625 0.4330985921875 0.6343963546875 0.4330985921875 0.6275626421875 0.4419014078125 0.6275626421875 0.4647887328125 0.6343963546875 0.4753521125 0.6423690203125 0.4753521125
0 0.61503416875 0.48591549218749996 0.6241457859375 0.47359155 0.6241457859375 0.443661971875 0.6195899765624999 0.443661971875 0.607061503125 0.45950704218749994 0.6047835984375001 0.4788732390625 0.6093394078125 0.48591549218749996 0.61503416875 0.48591549218749996
0 0.715261959375 0.45070422499999996 0.715261959375 0.443661971875 0.7095671984374999 0.43661971875 0.702164009375 0.43661971875 0.6924829156250001 0.43838028125 0.68451025 0.4542253515625 0.7050113890625 0.4665492953125 0.715261959375 0.45070422499999996
0 0.7038724375000001 0.5 0.715261959375 0.5 0.7186788156249999 0.49471830937499994 0.7232346234375 0.47007042187500003 0.7164009109375 0.46302816875 0.71412300625 0.46302816875 0.7038724375000001 0.4718309859375 0.6947608203125 0.4894366203125 0.697038725 0.49471830937499994 0.7038724375000001 0.5
0 0.7038724375000001 0.5105633796875 0.6936218671875001 0.4911971828125 0.685649203125 0.4911971828125 0.6765375859375 0.4964788734375 0.6753986328125 0.5088028171875 0.6924829156250001 0.5211267609375 0.7038724375000001 0.5105633796875
0 0.6833712984375 0.5457746484375 0.6924829156250001 0.5352112671875 0.6936218671875001 0.5246478875 0.68109339375 0.5140845078125 0.6731207296874999 0.5140845078125 0.666287015625 0.5158450703125 0.6605922546875 0.5316901406250001 0.6765375859375 0.5457746484375 0.6833712984375 0.5457746484375
0 0.7243735765625 0.544014084375 0.7346241453125 0.5352112671875 0.7369020500000001 0.51232394375 0.7323462421875 0.5052816906250001 0.7277904328125 0.5052816906250001 0.7198177671875 0.5105633796875 0.71412300625 0.5228873234375 0.7164009109375 0.542253521875 0.7243735765625 0.544014084375
0 0.8052391796875 0.34859155 0.8097949890624999 0.3292253515625 0.8018223234375 0.306338028125 0.7984054671874999 0.306338028125 0.7870159453125 0.3292253515625 0.7904328015625001 0.345070421875 0.7972665140624999 0.3521126765625 0.8052391796875 0.34859155
0 0.8371298406250001 0.255281690625 0.8428246015624999 0.23943662031250001 0.8405466968749999 0.2271126765625 0.8337129843750001 0.218309859375 0.829157175 0.218309859375 0.8211845109375 0.230633803125 0.8211845109375 0.24823943593750003 0.829157175 0.2640845078125 0.8371298406250001 0.255281690625
0 0.859908884375 0.26232394375 0.85876993125 0.2411971828125 0.8542141234375 0.23767605625 0.8473804093749999 0.23767605625 0.8416856484374999 0.242957746875 0.8371298406250001 0.26232394375 0.8485193625 0.2781690140625 0.859908884375 0.26232394375
0 0.8747152625 0.257042253125 0.8804100234375 0.2464788734375 0.8792710703125 0.22359155 0.8747152625 0.21302816875000002 0.8724373578125 0.21302816875000002 0.859908884375 0.23943662031250001 0.859908884375 0.25176056406249997 0.8644646921874999 0.26232394375 0.8747152625 0.257042253125
0 0.9362186781249999 0.244718309375 0.9362186781249999 0.218309859375 0.9316628703125 0.218309859375 0.91799544375 0.23415492968749999 0.91799544375 0.24823943593750003 0.9225512531250001 0.255281690625 0.9362186781249999 0.244718309375
0 0.965831434375 0.2746478875 0.965831434375 0.25 0.962414578125 0.2411971828125 0.9589977218750001 0.2411971828125 0.9464692484375 0.26232394375 0.9464692484375 0.2781690140625 0.9521640093749999 0.28697183125 0.965831434375 0.2746478875
0 0.9476082 0.22535211249999998 0.9521640093749999 0.218309859375 0.9521640093749999 0.20246478906249998 0.9476082 0.1919014078125 0.9396355359375 0.18661971875 0.93052391875 0.18661971875 0.9282460140625 0.18838028125 0.9328018218749999 0.20246478906249998 0.9328018218749999 0.218309859375 0.9476082 0.22535211249999998
0 0.960136675 0.1795774640625 0.96355353125 0.169014084375 0.9612756265625 0.1531690140625 0.9555808656250001 0.1531690140625 0.9419134390625 0.1654929578125 0.9419134390625 0.1848591546875 0.9498861046875 0.18838028125 0.960136675 0.1795774640625
0 0.9259681093750001 0.1408450703125 0.9328018218749999 0.125 0.9271070609375001 0.093309859375 0.9236902046875001 0.093309859375 0.91116173125 0.11971830937500001 0.9134396359375 0.1355633796875 0.9191343968749999 0.142605634375 0.9259681093750001 0.1408450703125
0 0.3724373578125 0.42957746406249997 0.3792710703125 0.41549295781250006 0.3792710703125 0.40492957812499997 0.3690205015625 0.37852112656250003 0.3656036453125 0.37852112656250003 0.355353075 0.41373239375 0.3576309796875 0.42957746406249997 0.3621867875 0.4348591546875 0.3724373578125 0.42957746406249997
0 0.3883826875 0.4647887328125 0.3940774484375 0.455985915625 0.392938496875 0.44542253593750003 0.3872437359375 0.4330985921875 0.37813211875 0.4278169015625 0.37585421406249997 0.4278169015625 0.37129840468749997 0.43661971875 0.37585421406249997 0.45774647812499997 0.38041002343749997 0.4647887328125 0.3883826875 0.4647887328125
0 0.35193621875000003 0.45070422499999996 0.3576309796875 0.43838028125 0.3542141234375 0.41725352187500003 0.34624145781250004 0.40669014062500003 0.34510250625 0.40669014062500003 0.33257403124999996 0.43661971875 0.333712984375 0.4471830984375 0.3416856484375 0.45246478906250004 0.35193621875000003 0.45070422499999996
0 0.37585421406249997 0.47711267656249995 0.37585421406249997 0.45774647812499997 0.366742596875 0.43838028125 0.3644646921875 0.43838028125 0.3576309796875 0.44542253593750003 0.3564920265625 0.4665492953125 0.363325740625 0.47711267656249995 0.37585421406249997 0.47711267656249995
0 0.3576309796875 0.492957746875 0.355353075 0.4753521125 0.3496583140625 0.46830985937499997 0.3485193625 0.46830985937499997 0.337129840625 0.48415492968749996 0.3394077453125 0.5105633796875 0.34624145781250004 0.5088028171875 0.3576309796875 0.492957746875
0 0.3883826875 0.5070422531250001 0.3826879265625 0.48767605625000005 0.3690205015625 0.4788732390625 0.3656036453125 0.4788732390625 0.359908884375 0.48591549218749996 0.3644646921875 0.5035211265624999 0.38496583125 0.5140845078125 0.3883826875 0.5070422531250001
0 0.407744875 0.519366196875 0.41116173125 0.5140845078125 0.407744875 0.492957746875 0.392938496875 0.48591549218749996 0.3872437359375 0.48591549218749996 0.38496583125 0.492957746875 0.389521640625 0.5105633796875 0.399772209375 0.5211267609375 0.407744875 0.519366196875
0 0.3610478359375 0.5387323937499999 0.3678815484375 0.5387323937499999 0.3826879265625 0.5246478875 0.38154897499999996 0.517605634375 0.366742596875 0.5070422531250001 0.3621867875 0.5070422531250001 0.35193621875000003 0.51232394375 0.3496583140625 0.5211267609375 0.35079726718750004 0.5281690140624999 0.3610478359375 0.5387323937499999
0 0.4123006828125 0.5510563375 0.4123006828125 0.5387323937499999 0.40546697031249995 0.5228873234375 0.3974943046875 0.5211267609375 0.3883826875 0.5211267609375 0.386104784375 0.5246478875 0.39066059218750004 0.5457746484375 0.407744875 0.5580985921875 0.4123006828125 0.5510563375
0 0.3838268796875 0.5774647890625 0.3883826875 0.5651408453125 0.3883826875 0.5475352109375 0.38154897499999996 0.5352112671875 0.37585421406249997 0.5352112671875 0.3678815484375 0.5475352109375 0.3656036453125 0.5598591546875 0.37129840468749997 0.5739436625 0.3838268796875 0.5774647890625
0 0.3974943046875 0.6232394359375 0.40546697031249995 0.6091549296875 0.3974943046875 0.5774647890625 0.39521640156250004 0.5774647890625 0.38154897499999996 0.59859155 0.38041002343749997 0.6109154921875 0.386104784375 0.6267605640625 0.3974943046875 0.6232394359375
0 0.30296127500000003 0.49823943593750003 0.310933940625 0.4894366203125 0.31548975 0.47007042187500003 0.30182232343750004 0.4647887328125 0.2938496578125 0.4647887328125 0.28701594531249996 0.47711267656249995 0.28587699375 0.4894366203125 0.28929385 0.4964788734375 0.30296127500000003 0.49823943593750003
0 0.317767653125 0.47007042187500003 0.32687927031249997 0.44542253593750003 0.3223234625 0.4348591546875 0.3166287015625 0.4348591546875 0.30182232343750004 0.443661971875 0.29726651406250004 0.4542253515625 0.2984054671875 0.46302816875 0.317767653125 0.47007042187500003
0 0.3086560359375 0.42605633750000005 0.30979498906249997 0.4102112671875 0.300683371875 0.3961267609375 0.29726651406250004 0.3961267609375 0.284738040625 0.419014084375 0.284738040625 0.43838028125 0.2904328015625 0.443661971875 0.3086560359375 0.42605633750000005
0 0.2801822328125 0.4207746484375 0.284738040625 0.41197183125 0.284738040625 0.3996478875 0.271070615625 0.39084507031250004 0.2676537578125 0.39084507031250004 0.2539863328125 0.40669014062500003 0.251708428125 0.419014084375 0.2687927109375 0.42429577500000004 0.2801822328125 0.4207746484375
0 0.21981776718749999 0.37852112656250003 0.2084282453125 0.3538732390625 0.2050113890625 0.3538732390625 0.19817767656250002 0.39436619687499996 0.2084282453125 0.4084507046875 0.21981776718749999 0.3890845078125 0.21981776718749999 0.37852112656250003
0 0.16628701562499998 0.41373239375 0.1765375859375 0.4084507046875 0.18109339375 0.3961267609375 0.169703871875 0.37676056406249997 0.16400911093749998 0.37676056406249997 0.1537585421875 0.37852112656250003 0.15148063750000001 0.39084507031250004 0.1571753984375 0.40669014062500003 0.16628701562499998 0.41373239375
0 0.10022779062500001 0.3468309859375 0.08883826875 0.330985915625 0.0876993171875 0.330985915625 0.08200455625 0.33802816875 0.0797266515625 0.35563380312500004 0.0911161734375 0.367957746875 0.10022779062500001 0.3468309859375
0 0.0876993171875 0.392605634375 0.09225512500000001 0.3838028171875 0.09225512500000001 0.369718309375 0.084282459375 0.3644366203125 0.08314350781249999 0.36267605625 0.074031890625 0.37676056406249997 0.074031890625 0.38732394375 0.0797266515625 0.39436619687499996 0.0876993171875 0.392605634375
0 0.070615034375 0.380281690625 0.0728929390625 0.3609154921875 0.0592255125 0.3397887328125 0.05580865625 0.3397887328125 0.0535307515625 0.380281690625 0.0569476078125 0.38732394375 0.06378132187499999 0.3890845078125 0.070615034375 0.380281690625
0 0.0717539859375 0.419014084375 0.0649202734375 0.40492957812499997 0.054669703125 0.40492957812499997 0.041002278125 0.41197183125 0.03644646875 0.42605633750000005 0.0649202734375 0.4330985921875 0.0717539859375 0.419014084375
0 0.0763097953125 0.47007042187500003 0.0797266515625 0.46126760625 0.077448746875 0.4348591546875 0.0728929390625 0.431338028125 0.0717539859375 0.42957746406249997 0.0603644640625 0.455985915625 0.0615034171875 0.46830985937499997 0.066059225 0.47359155 0.0763097953125 0.47007042187500003
0 0.0455580859375 0.5105633796875 0.04897494375 0.492957746875 0.039863325 0.47711267656249995 0.02961275625 0.47711267656249995 0.0261959 0.48063380312500004 0.0284738046875 0.5 0.037585421875000004 0.5105633796875 0.0455580859375 0.5105633796875
0 0.17425968125 0.5528169015625 0.17425968125 0.5352112671875 0.169703871875 0.5246478875 0.1617312078125 0.5211267609375 0.1605922546875 0.5211267609375 0.14920273281250002 0.5281690140624999 0.14920273281250002 0.542253521875 0.159453303125 0.556338028125 0.17425968125 0.5528169015625
0 0.2129840546875 0.5598591546875 0.2175398640625 0.5510563375 0.21526195937499998 0.544014084375 0.20728929375 0.5334507046875 0.1947608203125 0.5281690140624999 0.192482915625 0.5281690140624999 0.189066059375 0.544014084375 0.1947608203125 0.556338028125 0.2038724375 0.56338028125 0.2129840546875 0.5598591546875
0 0.23006833750000003 0.556338028125 0.23690205 0.5475352109375 0.23690205 0.5334507046875 0.2277904328125 0.517605634375 0.218678815625 0.517605634375 0.21070614999999998 0.5211267609375 0.20728929375 0.5316901406250001 0.21981776718749999 0.5545774640625 0.23006833750000003 0.556338028125
0 0.4977220953125 0.5017605640625 0.5068337125 0.48063380312500004 0.49544419062499995 0.4542253515625 0.492027334375 0.4542253515625 0.4829157171875 0.47359155 0.4829157171875 0.4894366203125 0.4908883828125 0.5017605640625 0.4977220953125 0.5017605640625
0 0.5330296125 0.49471830937499994 0.5296127562499999 0.4753521125 0.5136674265625001 0.46302816875 0.5056947609375 0.46302816875 0.5091116171875 0.4964788734375 0.5205011390625 0.5070422531250001 0.5284738046874999 0.5035211265624999 0.5330296125 0.49471830937499994
0 0.593394078125 0.5334507046875 0.59567198125 0.517605634375 0.58200455625 0.5088028171875 0.5785877 0.5088028171875 0.563781321875 0.5246478875 0.5785877 0.5404929578125001 0.584282459375 0.5404929578125001 0.593394078125 0.5334507046875
0 0.55580865625 0.5580985921875 0.563781321875 0.5510563375 0.5649202734375 0.5404929578125001 0.5523918 0.5211267609375 0.5466970390625 0.5211267609375 0.541002278125 0.5211267609375 0.5353075171875 0.53697183125 0.547835990625 0.556338028125 0.55580865625 0.5580985921875
0 0.629840546875 0.5528169015625 0.64123006875 0.5510563375 0.6457858765625 0.5404929578125001 0.6435079734375 0.5316901406250001 0.6378132125 0.5211267609375 0.6241457859375 0.5140845078125 0.623006834375 0.51232394375 0.6184510249999999 0.519366196875 0.6184510249999999 0.5281690140624999 0.626423690625 0.5475352109375 0.629840546875 0.5528169015625
0 0.8075170843749999 0.41197183125 0.8120728921874999 0.3996478875 0.8075170843749999 0.3890845078125 0.8018223234375 0.3890845078125 0.7904328015625001 0.39436619687499996 0.7870159453125 0.41373239375 0.7915717546875001 0.4207746484375 0.8075170843749999 0.41197183125
0 0.97038724375 0.3961267609375 0.9783599093750001 0.3855633796875 0.9794988609375 0.37147887343749997 0.9738041000000001 0.3644366203125 0.9646924828125 0.3644366203125 0.9544419140624999 0.380281690625 0.9544419140624999 0.38732394375 0.962414578125 0.3961267609375 0.97038724375 0.3961267609375
0 0.9589977218750001 0.45246478906250004 0.97038724375 0.4419014078125 0.9715261953125 0.431338028125 0.9567198171875001 0.41725352187500003 0.95102505625 0.41725352187500003 0.94419134375 0.42253521093749996 0.9396355359375 0.43838028125 0.9521640093749999 0.45246478906250004 0.9589977218750001 0.45246478906250004
0 0.91116173125 0.5246478875 0.9191343968749999 0.519366196875 0.9248291578125001 0.5052816906250001 0.9225512531250001 0.48767605625000005 0.915717540625 0.48063380312500004 0.91116173125 0.48063380312500004 0.9054669703125 0.48591549218749996 0.9020501140625001 0.5035211265624999 0.90432801875 0.517605634375 0.91116173125 0.5246478875
0 0.85876993125 0.5580985921875 0.8667425968750001 0.5475352109375 0.8667425968750001 0.517605634375 0.8621867875 0.5105633796875 0.859908884375 0.5105633796875 0.8462414578124999 0.5316901406250001 0.8473804093749999 0.5510563375 0.85193621875 0.5580985921875 0.85876993125 0.5580985921875
0 0.8462414578124999 0.419014084375 0.8337129843750001 0.4031690140625 0.829157175 0.4031690140625 0.8200455578125 0.42429577500000004 0.8302961281250001 0.4348591546875 0.8382687921875001 0.431338028125 0.8462414578124999 0.419014084375
0 0.7722095671875 0.5598591546875 0.7835990890625 0.556338028125 0.7915717546875001 0.5404929578125001 0.7904328015625001 0.529929578125 0.7801822328125 0.5246478875 0.7756264234375 0.5246478875 0.76651480625 0.5352112671875 0.7630979499999999 0.549295775 0.7653758546875 0.556338028125 0.7722095671875 0.5598591546875
0 0.8109339406249999 0.6531690140624999 0.81890660625 0.6320422531250001 0.81548975 0.6179577468749999 0.8075170843749999 0.6091549296875 0.802961275 0.6091549296875 0.7984054671874999 0.6161971828125 0.7961275624999999 0.6355633796875 0.804100228125 0.6566901406250001 0.8109339406249999 0.6531690140624999
0 0.6389521640625 0.6021126765625 0.6480637812500001 0.582746478125 0.633257403125 0.568661971875 0.6287015953124999 0.568661971875 0.6207289296875 0.575704225 0.6195899765624999 0.5845070421874999 0.6275626421875 0.59859155 0.6389521640625 0.6021126765625
0 0.554669703125 0.5792253515625 0.5421412296875 0.56338028125 0.5387243734375 0.56338028125 0.5273348515625 0.5774647890625 0.537585421875 0.595070421875 0.551252846875 0.595070421875 0.554669703125 0.5792253515625
0 0.5284738046874999 0.607394365625 0.5330296125 0.6003521125 0.5330296125 0.5915492953125 0.525056946875 0.575704225 0.5170842828125 0.5721830984375 0.51025056875 0.5721830984375 0.5011389515625 0.5739436625 0.5091116171875 0.595070421875 0.518223234375 0.605633803125 0.5284738046874999 0.607394365625
0 0.5148063781250001 0.5704225359375 0.5227790437500001 0.56161971875 0.525056946875 0.5352112671875 0.5216400906249999 0.529929578125 0.518223234375 0.529929578125 0.5 0.549295775 0.4977220953125 0.5651408453125 0.5011389515625 0.5721830984375 0.5148063781250001 0.5704225359375
0 0.49544419062499995 0.5404929578125001 0.4840546703125 0.5316901406250001 0.47949886093750005 0.5316901406250001 0.46355353125 0.5404929578125001 0.4738041 0.5580985921875 0.49430523906249996 0.5528169015625 0.49544419062499995 0.5404929578125001
0 0.425968109375 0.654929578125 0.44305239218750003 0.644366196875 0.4384965828125 0.6302816906250001 0.425968109375 0.6214788734375001 0.42141229999999996 0.6214788734375001 0.41116173125 0.6338028171875 0.4100227796875 0.6461267609375 0.4134396359375 0.65140845 0.425968109375 0.654929578125
0 0.46241457812500003 0.6109154921875 0.4692482921875 0.5933098593749999 0.46810933906249996 0.575704225 0.46241457812500003 0.5669014078125 0.4567198171875 0.5669014078125 0.4464692484375 0.5897887328125 0.452164009375 0.59859155 0.4544419140625 0.6161971828125 0.46241457812500003 0.6109154921875
0 0.48633257343749997 0.582746478125 0.492027334375 0.5721830984375 0.48974943125000003 0.556338028125 0.4840546703125 0.556338028125 0.4715261953125 0.5598591546875 0.4669703875 0.5704225359375 0.47038724375 0.582746478125 0.48633257343749997 0.582746478125
0 0.277904328125 0.5774647890625 0.2801822328125 0.5669014078125 0.26651480625 0.5528169015625 0.26082004531249997 0.5528169015625 0.248291571875 0.56161971875 0.2494305234375 0.575704225 0.258542140625 0.580985915625 0.277904328125 0.5774647890625
0 0.30637813281250004 0.59859155 0.310933940625 0.58802816875 0.30979498906249997 0.580985915625 0.30296127500000003 0.5704225359375 0.29271070625 0.5669014078125 0.28587699375 0.5669014078125 0.281321184375 0.5739436625 0.288154896875 0.5915492953125 0.29726651406250004 0.6003521125 0.30637813281250004 0.59859155
0 0.096810934375 0.693661971875 0.1025056953125 0.6901408453125 0.10820045625000001 0.6760563375 0.09567198125000001 0.6584507046875 0.0911161734375 0.6584507046875 0.07858770000000001 0.6654929578125001 0.077448746875 0.6725352109375 0.08883826875 0.6901408453125 0.096810934375 0.693661971875
0 0.359908884375 0.6320422531250001 0.3428246015625 0.6091549296875 0.3416856484375 0.6091549296875 0.337129840625 0.6214788734375001 0.3394077453125 0.6496478875 0.3576309796875 0.6531690140624999 0.359908884375 0.6320422531250001
0 0.31548975 0.6320422531250001 0.317767653125 0.6232394359375 0.3132118453125 0.6091549296875 0.3052391796875 0.6021126765625 0.300683371875 0.6021126765625 0.288154896875 0.6197183093749999 0.2984054671875 0.6355633796875 0.30637813281250004 0.63732394375 0.31548975 0.6320422531250001
0 0.11731207343750001 0.65140845 0.11731207343750001 0.674295775 0.140091115625 0.68838028125 0.1355353078125 0.6566901406250001 0.11731207343750001 0.65140845
0 0.2061503421875 0.767605634375 0.197038725 0.7447183093749999 0.192482915625 0.7429577468749999 0.1879271078125 0.7535211265624999 0.18451025000000001 0.779929578125 0.192482915625 0.7904929578125001 0.2050113890625 0.7781690140624999 0.2061503421875 0.767605634375
0 0.1799544421875 0.7517605640625 0.16742596875 0.7359154921875 0.15148063750000001 0.7447183093749999 0.1503416859375 0.7535211265624999 0.1583143515625 0.7658450703125 0.18109339375 0.76232394375 0.1799544421875 0.7517605640625
0 0.23690205 0.7887323937499999 0.22437357656249998 0.7605633796875 0.21640091093749997 0.769366196875 0.21640091093749997 0.7975352109375 0.22095672031250002 0.8080985921874999 0.2277904328125 0.8098591546874999 0.23690205 0.7887323937499999
0 0.21981776718749999 0.857394365625 0.23462414531250003 0.8450704218749999 0.23917995468750003 0.8221830984375 0.23348519375 0.8169014078125001 0.22437357656249998 0.8169014078125001 0.2175398640625 0.818661971875 0.21070614999999998 0.8345070421875 0.2129840546875 0.8503521125000001 0.21981776718749999 0.857394365625
0 0.2084282453125 0.8133802812500001 0.211845103125 0.8028169015625 0.2050113890625 0.779929578125 0.20273348593749999 0.779929578125 0.1913439640625 0.792253521875 0.192482915625 0.8133802812500001 0.197038725 0.818661971875 0.2084282453125 0.8133802812500001
0 0.192482915625 0.8169014078125001 0.1902050109375 0.8010563375 0.18451025000000001 0.7957746484375 0.1765375859375 0.7957746484375 0.16400911093749998 0.8133802812500001 0.1765375859375 0.8274647890625 0.18451025000000001 0.8274647890625 0.192482915625 0.8169014078125001
0 0.14806378125 0.8521126765625 0.1537585421875 0.8397887328125 0.1537585421875 0.8274647890625 0.1457858765625 0.8116197187499999 0.144646925 0.8116197187499999 0.1343963546875 0.825704225 0.1343963546875 0.8397887328125 0.14123006875 0.8521126765625 0.14806378125 0.8521126765625
0 0.129840546875 0.8503521125000001 0.1343963546875 0.8468309859375 0.1343963546875 0.8204225359375 0.126423690625 0.8133802812500001 0.12015945312500001 0.8133802812500001 0.1116173125 0.8169014078125001 0.1116173125 0.8309859156250001 0.118451025 0.8468309859375 0.129840546875 0.8503521125000001
0 0.1435079734375 0.91197183125 0.1503416859375 0.8996478874999999 0.1469248296875 0.8855633796875001 0.1378132125 0.875 0.1343963546875 0.869718309375 0.129840546875 0.8732394359375 0.1241457859375 0.8996478874999999 0.1321184515625 0.917253521875 0.1435079734375 0.91197183125
0 0.11503416875000001 0.9014084499999999 0.1207289296875 0.892605634375 0.12186788125 0.8767605640625 0.10820045625000001 0.8609154921875 0.1047835984375 0.8609154921875 0.0990888375 0.869718309375 0.0990888375 0.88732394375 0.103644646875 0.8961267609375 0.11503416875000001 0.9014084499999999
0 0.0751708421875 0.882042253125 0.08314350781249999 0.8767605640625 0.08883826875 0.8609154921875 0.08086560312499999 0.8503521125000001 0.077448746875 0.8503521125000001 0.070615034375 0.8521126765625 0.0615034171875 0.867957746875 0.06378132187499999 0.8767605640625 0.0751708421875 0.882042253125
0 0.0569476078125 0.88732394375 0.0580865609375 0.8661971828125001 0.047835990625000005 0.8485915500000001 0.041002278125 0.8485915500000001 0.03644646875 0.8591549296875 0.037585421875000004 0.875 0.04897494375 0.88732394375 0.0569476078125 0.88732394375
0 0.0797266515625 0.9735915500000001 0.0797266515625 0.96302816875 0.070615034375 0.9454225359375 0.067198178125 0.9401408453125001 0.0569476078125 0.9718309859375 0.06264236875 0.9859154921875 0.0751708421875 0.982394365625 0.0797266515625 0.9735915500000001
0 0.074031890625 0.924295775 0.066059225 0.9066901406250001 0.0569476078125 0.9049295781250001 0.0523918 0.8978873234375 0.04897494375 0.8978873234375 0.0455580859375 0.9137323937499999 0.05580865625 0.9330985921874999 0.0717539859375 0.931338028125 0.074031890625 0.924295775
0 0.1161731203125 0.9419014078125001 0.1241457859375 0.9330985921874999 0.1241457859375 0.9102112671875 0.118451025 0.9014084499999999 0.1013667421875 0.924295775 0.10022779062500001 0.931338028125 0.1047835984375 0.9419014078125001 0.1161731203125 0.9419014078125001
0 0.2437357625 0.9207746484375001 0.251708428125 0.9031690140625 0.251708428125 0.8908450703125 0.23690205 0.8714788734375001 0.23462414531250003 0.8714788734375001 0.2277904328125 0.8785211265624999 0.22437357656249998 0.9031690140625 0.2357630984375 0.9190140843749999 0.2437357625 0.9207746484375001
0 0.2323462421875 0.9595070421875 0.24031890625000002 0.950704225 0.241457859375 0.9401408453125001 0.23006833750000003 0.924295775 0.2232346234375 0.924295775 0.21640091093749997 0.9295774640625 0.2129840546875 0.9401408453125001 0.2232346234375 0.957746478125 0.2323462421875 0.9595070421875
0 0.2642369015625 0.9612676062500001 0.2722095671875 0.9489436625 0.2722095671875 0.931338028125 0.26651480625 0.924295775 0.26537585468749997 0.924295775 0.2471526203125 0.9383802812500001 0.2437357625 0.950704225 0.2505694765625 0.9595070421875 0.2642369015625 0.9612676062500001
0 0.3166287015625 0.9207746484375001 0.3200455578125 0.91197183125 0.3211845109375 0.9031690140625 0.314350796875 0.8767605640625 0.3132118453125 0.8767605640625 0.29954441875 0.8961267609375 0.300683371875 0.9154929578125 0.30637813281250004 0.924295775 0.3166287015625 0.9207746484375001
0 0.3348519359375 0.9419014078125001 0.343963553125 0.9260563375 0.34510250625 0.9137323937499999 0.330296128125 0.9014084499999999 0.32574031875 0.9014084499999999 0.3200455578125 0.91197183125 0.3211845109375 0.931338028125 0.329157175 0.9419014078125001 0.3348519359375 0.9419014078125001
0 0.37129840468749997 0.8221830984375 0.3678815484375 0.806338028125 0.3610478359375 0.7957746484375 0.3576309796875 0.7957746484375 0.34738040937500003 0.8169014078125001 0.3530751703125 0.83802816875 0.3621867875 0.8362676062500001 0.37129840468749997 0.8221830984375
0 0.333712984375 0.832746478125 0.3416856484375 0.8221830984375 0.3416856484375 0.8098591546874999 0.333712984375 0.7957746484375 0.3280182234375 0.7957746484375 0.3211845109375 0.8045774640625 0.317767653125 0.8239436625 0.3211845109375 0.832746478125 0.333712984375 0.832746478125
0 0.300683371875 0.8045774640625 0.30182232343750004 0.806338028125 0.300683371875 0.8080985921874999 0.300683371875 0.8133802812500001 0.30182232343750004 0.8169014078125001 0.30637813281250004 0.8239436625 0.3086560359375 0.825704225 0.31548975 0.825704225 0.3200455578125 0.8169014078125001 0.3200455578125 0.7975352109375 0.31890660625 0.794014084375 0.3086560359375 0.7781690140624999 0.30637813281250004 0.77640845 0.304100228125 0.77640845 0.30182232343750004 0.7781690140624999 0.30182232343750004 0.7904929578125001 0.300683371875 0.792253521875 0.300683371875 0.8045774640625
0 0.288154896875 0.7887323937499999 0.28701594531249996 0.7904929578125001 0.28701594531249996 0.8045774640625 0.28929385 0.8116197187499999 0.29271070625 0.8169014078125001 0.29954441875 0.818661971875 0.30182232343750004 0.8169014078125001 0.30296127500000003 0.8133802812500001 0.30182232343750004 0.8098591546874999 0.30182232343750004 0.7957746484375 0.300683371875 0.794014084375 0.30182232343750004 0.792253521875 0.30182232343750004 0.7852112671875 0.3052391796875 0.7781690140624999 0.30182232343750004 0.7781690140624999 0.300683371875 0.77640845 0.2961275625 0.77640845 0.2949886109375 0.7746478875 0.2938496578125 0.7746478875 0.29157175468749996 0.77640845 0.288154896875 0.7834507046875 0.288154896875 0.7887323937499999
0 0.066059225 0.9049295781250001 0.0649202734375 0.9084507046875 0.06947608125 0.9207746484375001 0.074031890625 0.9260563375 0.08086560312499999 0.9260563375 0.08200455625 0.924295775 0.08656036406249999 0.9225352109375 0.08656036406249999 0.9190140843749999 0.084282459375 0.9154929578125 0.084282459375 0.9102112671875 0.08314350781249999 0.9084507046875 0.08314350781249999 0.9049295781250001 0.08086560312499999 0.8996478874999999 0.0797266515625 0.892605634375 0.0717539859375 0.882042253125 0.066059225 0.882042253125 0.066059225 0.8838028171874999 0.06378132187499999 0.88732394375 0.066059225 0.894366196875 0.066059225 0.9049295781250001
0 0.08200455625 0.9207746484375001 0.08656036406249999 0.924295775 0.09225512500000001 0.924295775 0.096810934375 0.9207746484375001 0.096810934375 0.9190140843749999 0.10022779062500001 0.9137323937499999 0.1013667421875 0.9102112671875 0.1013667421875 0.8978873234375 0.10022779062500001 0.894366196875 0.0945330296875 0.8855633796875001 0.0899772203125 0.8838028171874999 0.08883826875 0.882042253125 0.0854214125 0.882042253125 0.08314350781249999 0.8838028171874999 0.077448746875 0.892605634375 0.08200455625 0.9049295781250001 0.08200455625 0.9207746484375001
0 0.0615034171875 0.6003521125 0.06378132187499999 0.605633803125 0.066059225 0.605633803125 0.070615034375 0.6091549296875 0.0797266515625 0.6091549296875 0.08314350781249999 0.605633803125 0.084282459375 0.6021126765625 0.084282459375 0.5897887328125 0.08314350781249999 0.5862676062500001 0.0763097953125 0.580985915625 0.074031890625 0.580985915625 0.0728929390625 0.582746478125 0.067198178125 0.582746478125 0.0615034171875 0.58802816875 0.0615034171875 0.6003521125
0 0.0535307515625 0.5897887328125 0.05580865625 0.5933098593749999 0.0580865609375 0.5933098593749999 0.0603644640625 0.5968309859375001 0.0603644640625 0.59859155 0.0615034171875 0.59859155 0.06378132187499999 0.6021126765625 0.06378132187499999 0.59859155 0.06264236875 0.59859155 0.0603644640625 0.595070421875 0.06264236875 0.5915492953125 0.06264236875 0.58802816875 0.0649202734375 0.582746478125 0.0649202734375 0.5774647890625 0.066059225 0.575704225 0.066059225 0.56338028125 0.0649202734375 0.5598591546875 0.0603644640625 0.5528169015625 0.0535307515625 0.5528169015625 0.051252846875 0.556338028125 0.04897494375 0.56338028125 0.04897494375 0.575704225 0.0535307515625 0.5897887328125
0 0.48063781250000004 0.83802816875 0.481776765625 0.8415492953125 0.4840546703125 0.8433098593749999 0.48747152656250003 0.8538732390625 0.49316628749999997 0.8538732390625 0.49658314375 0.8485915500000001 0.4977220953125 0.8485915500000001 0.5 0.8415492953125 0.50341685625 0.8362676062500001 0.50341685625 0.818661971875 0.504555809375 0.8169014078125001 0.504555809375 0.8133802812500001 0.5022779046875 0.8116197187499999 0.4988610484375 0.8116197187499999 0.49430523906249996 0.806338028125 0.48974943125000003 0.806338028125 0.485193621875 0.8116197187499999 0.4840546703125 0.818661971875 0.48063781250000004 0.825704225 0.48063781250000004 0.83802816875
0 0.48974943125000003 0.7904929578125001 0.48974943125000003 0.806338028125 0.4977220953125 0.8151408453125001 0.4988610484375 0.8151408453125001 0.5 0.818661971875 0.5022779046875 0.8204225359375 0.5022779046875 0.818661971875 0.5068337125 0.8133802812500001 0.5125284734375 0.7975352109375 0.511389521875 0.7957746484375 0.511389521875 0.792253521875 0.5091116171875 0.7887323937499999 0.507972665625 0.7816901406250001 0.5056947609375 0.7781690140624999 0.5011389515625 0.7746478875 0.49658314375 0.7746478875 0.49658314375 0.77640845 0.49316628749999997 0.7816901406250001 0.492027334375 0.78697183125 0.48974943125000003 0.7904929578125001
0 0.5193621875 0.769366196875 0.518223234375 0.7711267609375 0.518223234375 0.77640845 0.5205011390625 0.7834507046875 0.5227790437500001 0.78697183125 0.5227790437500001 0.7904929578125001 0.525056946875 0.7975352109375 0.5273348515625 0.7975352109375 0.5284738046874999 0.799295775 0.534168565625 0.792253521875 0.53644646875 0.7816901406250001 0.541002278125 0.7746478875 0.541002278125 0.767605634375 0.5387243734375 0.76232394375 0.5387243734375 0.7588028171875 0.534168565625 0.7517605640625 0.534168565625 0.75 0.5318906609375 0.7482394359375 0.5307517078124999 0.7482394359375 0.5296127562499999 0.75 0.5261959 0.75 0.5205011390625 0.7588028171875 0.5193621875 0.769366196875
0 0.407744875 0.7271126765625 0.40546697031249995 0.7288732390625 0.40091116250000003 0.7411971828125 0.40091116250000003 0.75 0.40432801874999996 0.7552816906250001 0.40660592187500005 0.7552816906250001 0.407744875 0.7570422531250001 0.41799544375000003 0.7570422531250001 0.42255125312499997 0.7535211265624999 0.4248291578125 0.75 0.4248291578125 0.7482394359375 0.429384965625 0.7411971828125 0.43166287031249995 0.7394366203125 0.43166287031249995 0.7359154921875 0.43280182187499994 0.7341549296875 0.43166287031249995 0.72359155 0.425968109375 0.72359155 0.4248291578125 0.7253521125 0.4123006828125 0.7253521125 0.41116173125 0.7271126765625 0.407744875 0.7271126765625
0 0.5421412296875 0.7464788734375001 0.539863325 0.75 0.539863325 0.7605633796875 0.544419134375 0.7711267609375 0.5535307515625 0.7711267609375 0.554669703125 0.769366196875 0.5569476078125 0.769366196875 0.5592255125000001 0.767605634375 0.563781321875 0.7605633796875 0.563781321875 0.7588028171875 0.5671981781250001 0.7517605640625 0.5671981781250001 0.7482394359375 0.5649202734375 0.7447183093749999 0.5649202734375 0.7429577468749999 0.5615034171875 0.7394366203125 0.5523918 0.7394366203125 0.551252846875 0.7411971828125 0.5466970390625 0.7429577468749999 0.544419134375 0.7464788734375001 0.5421412296875 0.7464788734375001
0 0.539863325 0.8133802812500001 0.544419134375 0.8133802812500001 0.547835990625 0.8169014078125001 0.55580865625 0.8169014078125001 0.5592255125000001 0.8116197187499999 0.56264236875 0.8098591546874999 0.5671981781250001 0.799295775 0.5671981781250001 0.794014084375 0.5649202734375 0.78697183125 0.56264236875 0.7852112671875 0.5569476078125 0.7852112671875 0.55580865625 0.7834507046875 0.5466970390625 0.7834507046875 0.539863325 0.7957746484375 0.5353075171875 0.799295775 0.534168565625 0.806338028125 0.539863325 0.8133802812500001
0 0.5728929390624999 0.7658450703125 0.570615034375 0.7728873234375 0.570615034375 0.779929578125 0.5683371296875 0.7852112671875 0.5683371296875 0.799295775 0.570615034375 0.806338028125 0.5751708421874999 0.8133802812500001 0.5831435078125 0.8098591546874999 0.58883826875 0.7975352109375 0.58883826875 0.7781690140624999 0.5831435078125 0.769366196875 0.58200455625 0.7605633796875 0.5797266515625 0.7570422531250001 0.5785877 0.7570422531250001 0.5763097953125 0.7605633796875 0.5751708421874999 0.7605633796875 0.5751708421874999 0.76232394375 0.5728929390624999 0.7658450703125
0 0.5683371296875 0.7147887328125 0.5660592249999999 0.7218309859375001 0.5660592249999999 0.732394365625 0.5671981781250001 0.7341549296875 0.5831435078125 0.7341549296875 0.5854214125 0.732394365625 0.58883826875 0.7271126765625 0.593394078125 0.7147887328125 0.593394078125 0.707746478125 0.592255125 0.7042253515625 0.58883826875 0.700704225 0.5785877 0.700704225 0.577448746875 0.7024647890625 0.5728929390624999 0.7042253515625 0.5683371296875 0.7112676062500001 0.5683371296875 0.7147887328125
0 0.6127562640625001 0.7658450703125 0.6127562640625001 0.77640845 0.613895215625 0.779929578125 0.6184510249999999 0.78697183125 0.6252847375 0.78697183125 0.626423690625 0.7887323937499999 0.629840546875 0.7887323937499999 0.6343963546875 0.7852112671875 0.6378132125 0.779929578125 0.6389521640625 0.779929578125 0.644646925 0.767605634375 0.6457858765625 0.7605633796875 0.6435079734375 0.7588028171875 0.640091115625 0.7588028171875 0.6389521640625 0.7570422531250001 0.6343963546875 0.7570422531250001 0.6309794984375 0.7535211265624999 0.626423690625 0.7535211265624999 0.6252847375 0.7552816906250001 0.62186788125 0.7552816906250001 0.6195899765624999 0.7570422531250001 0.6127562640625001 0.7658450703125
0 0.636674259375 0.7482394359375 0.636674259375 0.75 0.64123006875 0.7552816906250001 0.6435079734375 0.7552816906250001 0.6469248296875 0.7588028171875 0.656036446875 0.7588028171875 0.6571753984375001 0.7570422531250001 0.6651480640625 0.7570422531250001 0.666287015625 0.7552816906250001 0.6685649203125 0.7552816906250001 0.670842825 0.7517605640625 0.669703871875 0.7447183093749999 0.6651480640625 0.7394366203125 0.6640091109374999 0.7394366203125 0.65489749375 0.7253521125 0.6514806375 0.7253521125 0.6469248296875 0.7218309859375001 0.6389521640625 0.7218309859375001 0.6355353078125 0.7271126765625 0.6343963546875 0.7341549296875 0.6321184515625 0.7394366203125 0.636674259375 0.7482394359375
0 0.6571753984375001 0.7887323937499999 0.652619590625 0.792253521875 0.6480637812500001 0.8010563375 0.6480637812500001 0.806338028125 0.6492027328125001 0.8098591546874999 0.6537585421875 0.8169014078125001 0.656036446875 0.818661971875 0.6605922546875 0.818661971875 0.6617312078124999 0.8169014078125001 0.6685649203125 0.8151408453125001 0.6731207296874999 0.8116197187499999 0.6753986328125 0.8080985921874999 0.6753986328125 0.8045774640625 0.6776765375 0.7975352109375 0.6799544421875 0.794014084375 0.68109339375 0.794014084375 0.682232346875 0.7904929578125001 0.682232346875 0.7852112671875 0.6788154890625 0.7816901406250001 0.6753986328125 0.7816901406250001 0.670842825 0.7852112671875 0.6628701593749999 0.7852112671875 0.6594533031250001 0.7887323937499999 0.6571753984375001 0.7887323937499999
0 0.6902050109375 0.7658450703125 0.6902050109375 0.7746478875 0.6924829156250001 0.779929578125 0.6936218671875001 0.779929578125 0.697038725 0.7852112671875 0.699316628125 0.78697183125 0.7027334859375001 0.78697183125 0.7038724375000001 0.7887323937499999 0.711845103125 0.7887323937499999 0.7129840546875 0.78697183125 0.7232346234375 0.78697183125 0.725512528125 0.7816901406250001 0.7243735765625 0.77640845 0.7198177671875 0.7711267609375 0.7164009109375 0.769366196875 0.7084282453124999 0.7588028171875 0.7027334859375001 0.7588028171875 0.697038725 0.7588028171875 0.695899771875 0.7605633796875 0.6936218671875001 0.7605633796875 0.6902050109375 0.7658450703125
0 0.682232346875 0.875 0.6833712984375 0.8767605640625 0.6833712984375 0.880281690625 0.68451025 0.880281690625 0.6902050109375 0.8890845078125 0.6924829156250001 0.8908450703125 0.70045558125 0.8908450703125 0.7050113890625 0.88732394375 0.71070615 0.8767605640625 0.7095671984374999 0.8661971828125001 0.7050113890625 0.857394365625 0.697038725 0.857394365625 0.689066059375 0.857394365625 0.6867881546875 0.8591549296875 0.682232346875 0.8661971828125001 0.682232346875 0.875
0 0.7198177671875 0.8838028171874999 0.7198177671875 0.892605634375 0.722095671875 0.8996478874999999 0.728929384375 0.9102112671875 0.7346241453125 0.9102112671875 0.7369020500000001 0.9084507046875 0.741457859375 0.9014084499999999 0.7437357625 0.894366196875 0.7437357625 0.8908450703125 0.744874715625 0.8890845078125 0.744874715625 0.8838028171874999 0.7437357625 0.880281690625 0.7380410015625001 0.8714788734375001 0.7369020500000001 0.867957746875 0.7369020500000001 0.8591549296875 0.7357630984375 0.857394365625 0.7312072890625 0.857394365625 0.728929384375 0.8609154921875 0.7277904328125 0.8609154921875 0.7243735765625 0.875 0.7198177671875 0.8838028171874999
0 0.774487471875 0.9771126765625 0.774487471875 0.9841549296875 0.777904328125 0.9894366203124999 0.7790432796875 0.9894366203124999 0.7801822328125 0.992957746875 0.788154896875 0.992957746875 0.7904328015625001 0.9894366203124999 0.7927107062500001 0.982394365625 0.7927107062500001 0.9753521125000001 0.7938496578125 0.9735915500000001 0.7938496578125 0.96302816875 0.7927107062500001 0.9595070421875 0.78587699375 0.9489436625 0.7835990890625 0.9471830984375 0.7790432796875 0.9471830984375 0.77334851875 0.9542253515624999 0.77334851875 0.9683098593749999 0.7722095671875 0.9700704218749999 0.774487471875 0.9771126765625
0 0.8120728921874999 0.882042253125 0.8120728921874999 0.8961267609375 0.8143507968750001 0.9031690140625 0.81890660625 0.9102112671875 0.8234624140625 0.91197183125 0.829157175 0.917253521875 0.8348519359375001 0.9102112671875 0.8348519359375001 0.8855633796875001 0.8325740312500001 0.8785211265624999 0.8268792703125 0.8714788734375001 0.8211845109375 0.8714788734375001 0.8200455578125 0.8732394359375 0.81548975 0.875 0.8132118453125001 0.8785211265624999 0.8120728921874999 0.882042253125
0 0.8644646921874999 0.8661971828125001 0.8633257406249999 0.867957746875 0.8633257406249999 0.8714788734375001 0.8644646921874999 0.8732394359375 0.8644646921874999 0.880281690625 0.8690205015625001 0.8890845078125 0.8758542140625 0.8890845078125 0.87813211875 0.88732394375 0.8849658312500001 0.8767605640625 0.8849658312500001 0.8714788734375001 0.8872437359375 0.8661971828125001 0.8872437359375 0.8538732390625 0.8861047843750001 0.8521126765625 0.8861047843750001 0.8468309859375 0.8838268796875001 0.8433098593749999 0.8804100234375 0.8433098593749999 0.8747152625 0.8485915500000001 0.8701594531250001 0.8503521125000001 0.8644646921874999 0.86267605625 0.8644646921874999 0.8661971828125001
0 0.889521640625 0.8908450703125 0.8906605921875 0.892605634375 0.8906605921875 0.9031690140625 0.89179954375 0.9066901406250001 0.8963553531249999 0.91197183125 0.8997722093749999 0.91197183125 0.9009111624999999 0.9137323937499999 0.90432801875 0.9137323937499999 0.9054669703125 0.9154929578125 0.9123006828125 0.9154929578125 0.9145785875 0.9102112671875 0.9145785875 0.9031690140625 0.9123006828125 0.8996478874999999 0.9123006828125 0.892605634375 0.907744875 0.880281690625 0.9009111624999999 0.875 0.8963553531249999 0.875 0.89179954375 0.880281690625 0.8906605921875 0.880281690625 0.889521640625 0.8838028171874999 0.889521640625 0.8908450703125
0 0.8143507968750001 0.8151408453125001 0.8120728921874999 0.8204225359375 0.8120728921874999 0.825704225 0.8143507968750001 0.8292253515624999 0.8234624140625 0.825704225 0.8280182234375 0.818661971875 0.829157175 0.818661971875 0.8348519359375001 0.8116197187499999 0.8348519359375001 0.806338028125 0.8359908890625001 0.8045774640625 0.8359908890625001 0.794014084375 0.8348519359375001 0.792253521875 0.8348519359375001 0.7852112671875 0.8314350796875001 0.779929578125 0.82574031875 0.779929578125 0.81548975 0.792253521875 0.81548975 0.7957746484375 0.8143507968750001 0.7975352109375 0.8143507968750001 0.8151408453125001
0 0.8018223234375 0.7711267609375 0.8052391796875 0.7781690140624999 0.8097949890624999 0.7816901406250001 0.81890660625 0.7781690140624999 0.8223234625 0.7746478875 0.8211845109375 0.7728873234375 0.8211845109375 0.7640845078125 0.8200455578125 0.76232394375 0.8200455578125 0.7552816906250001 0.81890660625 0.7535211265624999 0.81890660625 0.75 0.8166287015625 0.7464788734375001 0.8143507968750001 0.7394366203125 0.8097949890624999 0.7394366203125 0.8075170843749999 0.7411971828125 0.8018223234375 0.75 0.79954441875 0.7570422531250001 0.8018223234375 0.7711267609375
0 0.7813211843750001 0.7816901406250001 0.78929385 0.792253521875 0.7961275624999999 0.792253521875 0.800683371875 0.7852112671875 0.802961275 0.77640845 0.8018223234375 0.7746478875 0.79954441875 0.7605633796875 0.7938496578125 0.7517605640625 0.7870159453125 0.7517605640625 0.784738040625 0.7552816906250001 0.7835990890625 0.7552816906250001 0.7813211843750001 0.7605633796875 0.7813211843750001 0.7816901406250001
0 0.8143507968750001 0.72359155 0.81548975 0.7253521125 0.81548975 0.730633803125 0.8166287015625 0.7341549296875 0.8223234625 0.7411971828125 0.8268792703125 0.7447183093749999 0.8302961281250001 0.7447183093749999 0.8348519359375001 0.7411971828125 0.8416856484374999 0.730633803125 0.8416856484374999 0.7218309859375001 0.8394077453125 0.7183098593749999 0.8394077453125 0.7165492953125 0.8382687921875001 0.7165492953125 0.8359908890625001 0.71302816875 0.8337129843750001 0.7112676062500001 0.8302961281250001 0.7112676062500001 0.829157175 0.7095070421874999 0.8223234625 0.7095070421874999 0.81548975 0.7095070421874999 0.81548975 0.71302816875 0.8143507968750001 0.7147887328125 0.8143507968750001 0.72359155
0 0.91799544375 0.7183098593749999 0.9214123000000001 0.72359155 0.9236902046875001 0.7253521125 0.9282460140625 0.7253521125 0.929384965625 0.7271126765625 0.9350797265624999 0.7271126765625 0.9384965828125 0.72359155 0.9464692484375 0.72359155 0.9476082 0.720070421875 0.9476082 0.7112676062500001 0.9430523921875 0.705985915625 0.9396355359375 0.7042253515625 0.9350797265624999 0.6971830984375 0.929384965625 0.6971830984375 0.9236902046875001 0.6971830984375 0.91799544375 0.7042253515625 0.915717540625 0.7112676062500001 0.91799544375 0.7183098593749999
3 0.9282460140625 0.6637323937499999 0.929384965625 0.669014084375 0.9908883828124999 0.669014084375 0.9943052390625 0.6725352109375 0.9943052390625 0.6848591546875 0.9908883828124999 0.68838028125 0.9498861046875 0.6919014078125 0.9350797265624999 0.6971830984375 0.9384965828125 0.707746478125 0.9476082 0.7183098593749999 0.945330296875 0.72359155 0.9384965828125 0.72359155 0.9362186781249999 0.7271126765625 0.9384965828125 0.73767605625 0.9589977218750001 0.769366196875 0.9692482921875 0.7746478875 0.97722095625 0.769366196875 0.9988610484375 0.7640845078125 0.9988610484375 0.6091549296875 0.9914578593750001 0.6091549296875 0.97038724375 0.6109154921875 0.9578587703125001 0.6179577468749999 0.9430523921875 0.6338028171875 0.9282460140625 0.6637323937499999
3 0.7494305234375 0.6707746484375 0.7505694765625 0.68838028125 0.7437357625 0.693661971875 0.70045558125 0.6954225359375 0.711845103125 0.6954225359375 0.711845103125 0.7024647890625 0.7050113890625 0.705985915625 0.697038725 0.700704225 0.7015945328125001 0.7042253515625 0.7015945328125001 0.7341549296875 0.699316628125 0.7359154921875 0.7072892937499999 0.7570422531250001 0.7243735765625 0.77640845 0.7323462421875 0.779929578125 0.7642369015625 0.7728873234375 0.78929385 0.7464788734375001 0.7927107062500001 0.7341549296875 0.8018223234375 0.720070421875 0.79954441875 0.6954225359375 0.7767653765625 0.6954225359375 0.7676537578125 0.693661971875 0.7619589984374999 0.68838028125 0.7630979499999999 0.6725352109375 0.76651480625 0.669014084375 0.7961275624999999 0.669014084375 0.7949886109375 0.6584507046875 0.7870159453125 0.6408450703125 0.7676537578125 0.6144366203125 0.7517084281249999 0.61267605625 0.744874715625 0.6179577468749999 0.7425968109375 0.6144366203125 0.741457859375 0.6197183093749999 0.7323462421875 0.6267605640625 0.725512528125 0.6408450703125 0.7198177671875 0.642605634375 0.7186788156249999 0.6531690140624999 0.725512528125 0.654929578125 0.7232346234375 0.669014084375 0.7494305234375 0.6707746484375
3 0.481776765625 0.7218309859375001 0.4840546703125 0.7271126765625 0.49544419062499995 0.7447183093749999 0.4977220953125 0.7447183093749999 0.4988610484375 0.7411971828125 0.5022779046875 0.7394366203125 0.5022779046875 0.7359154921875 0.50341685625 0.7341549296875 0.5091116171875 0.7341549296875 0.511389521875 0.732394365625 0.51025056875 0.7288732390625 0.51025056875 0.7218309859375001 0.5068337125 0.7095070421874999 0.5159453296875001 0.71302816875 0.5148063781250001 0.7042253515625 0.5159453296875001 0.7024647890625 0.5216400906249999 0.7024647890625 0.5227790437500001 0.700704225 0.525056946875 0.700704225 0.5239179953125 0.6971830984375 0.5261959 0.6919014078125 0.525056946875 0.6901408453125 0.5216400906249999 0.6954225359375 0.5193621875 0.6954225359375 0.5170842828125 0.6989436625 0.51025056875 0.7042253515625 0.5091116171875 0.7024647890625 0.511389521875 0.6901408453125 0.507972665625 0.6901408453125 0.5056947609375 0.693661971875 0.504555809375 0.693661971875 0.50341685625 0.6901408453125 0.5011389515625 0.6901408453125 0.5 0.6919014078125 0.5 0.700704225 0.5011389515625 0.7024647890625 0.5011389515625 0.705985915625 0.4988610484375 0.7042253515625 0.49544419062499995 0.7042253515625 0.49316628749999997 0.705985915625 0.488610478125 0.7024647890625 0.48633257343749997 0.705985915625 0.4829157171875 0.705985915625 0.481776765625 0.7095070421874999 0.47949886093750005 0.7095070421874999 0.47835990937500006 0.707746478125 0.47722095624999994 0.7112676062500001 0.47722095624999994 0.7165492953125 0.47835990937500006 0.720070421875 0.481776765625 0.7218309859375001
3 0.47722095624999994 0.7640845078125 0.48063781250000004 0.7588028171875 0.4829157171875 0.7588028171875 0.4840546703125 0.76232394375 0.48063781250000004 0.767605634375 0.48633257343749997 0.7711267609375 0.492027334375 0.767605634375 0.48633257343749997 0.76232394375 0.488610478125 0.7588028171875 0.48747152656250003 0.7552816906250001 0.488610478125 0.7517605640625 0.49316628749999997 0.7482394359375 0.5068337125 0.75 0.507972665625 0.7517605640625 0.5 0.767605634375 0.5148063781250001 0.76232394375 0.5170842828125 0.7570422531250001 0.5159453296875001 0.7535211265624999 0.5170842828125 0.7482394359375 0.517696621875 0.7481447828125 0.4692482921875 0.7394366203125 0.4692482921875 0.7359154921875 0.46355353125 0.730633803125 0.455580865625 0.732394365625 0.4533029609375 0.7359154921875 0.458997721875 0.7482394359375 0.4646924828125 0.75 0.46810933906249996 0.7464788734375001 0.47038724375 0.75 0.46810933906249996 0.7552816906250001 0.47722095624999994 0.7640845078125
3 0.525056946875 0.720070421875 0.525056946875 0.72359155 0.5273348515625 0.72359155 0.5284738046874999 0.7253521125 0.5296127562499999 0.732394365625 0.5307517078124999 0.7341549296875 0.5318906609375 0.720070421875 0.534168565625 0.720070421875 0.5353075171875 0.7183098593749999 0.5421412296875 0.7183098593749999 0.5421412296875 0.7253521125 0.541002278125 0.7271126765625 0.551252846875 0.7147887328125 0.5523918 0.7112676062500001 0.5523918 0.6971830984375 0.547835990625 0.693661971875 0.547835990625 0.6919014078125 0.544419134375 0.700704225 0.544419134375 0.7095070421874999 0.5432801828125 0.7112676062500001 0.5432801828125 0.7165492953125 0.5273348515625 0.7183098593749999 0.525056946875 0.720070421875
3 0.4407744875 0.65140845 0.44419134375 0.6478873234375 0.44874715312499996 0.6584507046875 0.45102505624999994 0.6566901406250001 0.4533029609375 0.6602112671875 0.4738041 0.6602112671875 0.492027334375 0.6654929578125001 0.48063781250000004 0.68838028125 0.4738041 0.68838028125 0.47949886093750005 0.6919014078125 0.485193621875 0.6830985921875 0.48747152656250003 0.68661971875 0.481776765625 0.6989436625 0.4726651484375 0.700704225 0.481776765625 0.7024647890625 0.488610478125 0.6848591546875 0.48633257343749997 0.681338028125 0.48747152656250003 0.6795774640625 0.48974943125000003 0.6795774640625 0.492027334375 0.68661971875 0.4977220953125 0.6848591546875 0.4977220953125 0.6778169015625 0.49316628749999997 0.6725352109375 0.49658314375 0.6725352109375 0.49658314375 0.6654929578125001 0.5 0.66197183125 0.547835990625 0.66197183125 0.5455580859375 0.6408450703125 0.5421412296875 0.6338028171875 0.5239179953125 0.607394365625 0.5193621875 0.605633803125 0.5170842828125 0.59859155 0.5091116171875 0.595070421875 0.49658314375 0.6003521125 0.48974943125000003 0.5933098593749999 0.481776765625 0.5933098593749999 0.47494305312499996 0.605633803125 0.46583143437499996 0.6091549296875 0.4544419140625 0.6214788734375001 0.44874715312499996 0.6390845078125 0.4384965828125 0.6531690140624999 0.4396355359375 0.6584507046875 0.4407744875 0.65140845
3 0.22665148125 0.6584507046875 0.222095671875 0.6637323937499999 0.192482915625 0.6637323937499999 0.192482915625 0.693661971875 0.2050113890625 0.720070421875 0.2129840546875 0.732394365625 0.22437357656249998 0.7411971828125 0.2277904328125 0.7552816906250001 0.2357630984375 0.7640845078125 0.2471526203125 0.7482394359375 0.26309795 0.75 0.274487471875 0.7394366203125 0.28587699375 0.7218309859375001 0.28701594531249996 0.7147887328125 0.304100228125 0.6919014078125 0.304100228125 0.681338028125 0.2949886109375 0.674295775 0.28701594531249996 0.6778169015625 0.28359908906250003 0.6725352109375 0.241457859375 0.6637323937499999 0.2380410015625 0.6584507046875 0.23917995468750003 0.6496478875 0.255125284375 0.625 0.25740318906250004 0.6285211265624999 0.2562642375 0.6390845078125 0.2642369015625 0.6390845078125 0.26651480625 0.6461267609375 0.274487471875 0.6302816906250001 0.277904328125 0.6355633796875 0.277904328125 0.644366196875 0.288154896875 0.642605634375 0.288154896875 0.6355633796875 0.2790432796875 0.6267605640625 0.2790432796875 0.6161971828125 0.2767653765625 0.6144366203125 0.2790432796875 0.6109154921875 0.274487471875 0.61267605625 0.2722095671875 0.6021126765625 0.26651480625 0.595070421875 0.26195899843750003 0.595070421875 0.258542140625 0.6003521125 0.2642369015625 0.6091549296875 0.26651480625 0.605633803125 0.274487471875 0.6197183093749999 0.25740318906250004 0.6197183093749999 0.2539863328125 0.6091549296875 0.251708428125 0.6109154921875 0.2437357625 0.59859155 0.2460136671875 0.595070421875 0.241457859375 0.595070421875 0.23917995468750003 0.6109154921875 0.23462414531250003 0.6144366203125 0.228929384375 0.605633803125 0.23120728906250002 0.5933098593749999 0.228929384375 0.59859155 0.21981776718749999 0.595070421875 0.2095671984375 0.6109154921875 0.2084282453125 0.6214788734375001 0.20045558125000001 0.6285211265624999 0.199316628125 0.63732394375 0.22095672031250002 0.6390845078125 0.22551252812499997 0.6478873234375 0.22665148125 0.6584507046875
3 0 0.720070421875 0.0170842828125 0.72359155 0.037585421875000004 0.7165492953125 0.0466970390625 0.707746478125 0.0569476078125 0.6919014078125 0.0603644640625 0.681338028125 0.066059225 0.6778169015625 0.06947608125 0.669014084375 0.06947608125 0.654929578125 0.067198178125 0.6531690140624999 0.067198178125 0.6496478875 0.0649202734375 0.6496478875 0.06264236875 0.6461267609375 0.0569476078125 0.6461267609375 0.0535307515625 0.6496478875 0.050113895312500004 0.6496478875 0.037585421875000004 0.6408450703125 0.0284738046875 0.6390845078125 0.018223234375 0.6408450703125 0.012528473437500002 0.63732394375 0.0022779046875 0.625 0 0.625 0 0.6345070421875 0.004555809375 0.6302816906250001 0.007972665625 0.6355633796875 0 0.644014084375 0 0.720070421875
3 0 0.6144366203125 0.0022779046875 0.6144366203125 0.0056947609375 0.6091549296875 0.011389521875 0.6144366203125 0.023917995312500002 0.6144366203125 0.031890660937499996 0.6179577468749999 0.0455580859375 0.6161971828125 0.047835990625000005 0.6197183093749999 0.051252846875 0.6197183093749999 0.0523918 0.6214788734375001 0.0649202734375 0.6214788734375001 0.0649202734375 0.6161971828125 0.06264236875 0.61267605625 0.0603644640625 0.6021126765625 0.047835990625000005 0.5862676062500001 0.0466970390625 0.5721830984375 0.0387243734375 0.56338028125 0.03644646875 0.56161971875 0.02961275625 0.56161971875 0.0284738046875 0.56338028125 0.007972665625 0.56338028125 0.00341685625 0.5669014078125 0 0.5669014078125 0 0.6144366203125
0 0.6389521640625 0.6338028171875 0.640091115625 0.654929578125 0.6423690203125 0.6602112671875 0.6423690203125 0.6637323937499999 0.6503416859375 0.6637323937499999 0.652619590625 0.6602112671875 0.6537585421875 0.6602112671875 0.6537585421875 0.6584507046875 0.6583143515625001 0.6531690140624999 0.6594533031250001 0.6461267609375 0.6605922546875 0.644366196875 0.6605922546875 0.6355633796875 0.6583143515625001 0.6320422531250001 0.652619590625 0.6144366203125 0.6503416859375 0.6109154921875 0.6492027328125001 0.6109154921875 0.644646925 0.6179577468749999 0.644646925 0.6232394359375 0.6435079734375 0.6267605640625 0.6389521640625 0.6338028171875
0 0.695899771875 0.625 0.70045558125 0.6302816906250001 0.7061503421875 0.6302816906250001 0.7084282453124999 0.6285211265624999 0.71070615 0.625 0.711845103125 0.625 0.71412300625 0.6214788734375001 0.715261959375 0.6161971828125 0.7175398640624999 0.6144366203125 0.7164009109375 0.6038732390625 0.715261959375 0.6003521125 0.71070615 0.5933098593749999 0.7050113890625 0.5933098593749999 0.697038725 0.607394365625 0.697038725 0.6197183093749999 0.695899771875 0.6214788734375001 0.695899771875 0.625
0 0.6617312078124999 0.6478873234375 0.6583143515625001 0.6584507046875 0.6583143515625001 0.6654929578125001 0.6594533031250001 0.669014084375 0.6731207296874999 0.669014084375 0.6776765375 0.6637323937499999 0.6776765375 0.6602112671875 0.6788154890625 0.6584507046875 0.6788154890625 0.6478873234375 0.6776765375 0.6461267609375 0.6788154890625 0.6355633796875 0.6776765375 0.6338028171875 0.6776765375 0.6302816906250001 0.6719817765625 0.6302816906250001 0.666287015625 0.63732394375 0.6651480640625 0.63732394375 0.6617312078124999 0.642605634375 0.6617312078124999 0.6478873234375
0 0.610478359375 0.625 0.6093394078125 0.6267605640625 0.6093394078125 0.6285211265624999 0.607061503125 0.6320422531250001 0.607061503125 0.63732394375 0.6036446468750001 0.6461267609375 0.6059225515625 0.6496478875 0.607061503125 0.6496478875 0.607061503125 0.6478873234375 0.610478359375 0.642605634375 0.626423690625 0.642605634375 0.6287015953124999 0.6408450703125 0.6287015953124999 0.6285211265624999 0.629840546875 0.6267605640625 0.629840546875 0.6232394359375 0.6275626421875 0.6179577468749999 0.623006834375 0.6179577468749999 0.6195899765624999 0.6214788734375001 0.6173120734374999 0.6214788734375001 0.613895215625 0.625 0.610478359375 0.625
0 0.7813211843750001 0.443661971875 0.7813211843750001 0.45246478906250004 0.7824601359375001 0.455985915625 0.7870159453125 0.46126760625 0.7904328015625001 0.46126760625 0.7949886109375 0.45774647812499997 0.7949886109375 0.455985915625 0.7984054671874999 0.45070422499999996 0.79954441875 0.45070422499999996 0.79954441875 0.4471830984375 0.802961275 0.43661971875 0.8052391796875 0.4348591546875 0.804100228125 0.4330985921875 0.8052391796875 0.42605633750000005 0.800683371875 0.42253521093749996 0.7961275624999999 0.42253521093749996 0.7927107062500001 0.42605633750000005 0.78929385 0.42605633750000005 0.78587699375 0.431338028125 0.7813211843750001 0.443661971875
0 0.534168565625 0.9753521125000001 0.544419134375 0.9612676062500001 0.544419134375 0.9489436625 0.541002278125 0.943661971875 0.534738040625 0.943661971875 0.5136674265625001 0.9542253515624999 0.5125284734375 0.9612676062500001 0.5216400906249999 0.9735915500000001 0.534168565625 0.9753521125000001
0 0.4977220953125 0.982394365625 0.507972665625 0.9665492953125 0.5056947609375 0.9454225359375 0.5 0.9383802812500001 0.49430523906249996 0.9383802812500001 0.4840546703125 0.9542253515624999 0.485193621875 0.9718309859375 0.4908883828125 0.9841549296875 0.4977220953125 0.982394365625
0 0.44988610468749995 0.9859154921875 0.45102505624999994 0.9700704218749999 0.44419134375 0.9559859156250001 0.43735763125 0.9559859156250001 0.4282460140625 0.9718309859375 0.4282460140625 0.9982394359375 0.4407744875 0.9982394359375 0.44988610468749995 0.9859154921875
0 0.8986332578124999 0.1003521125 0.8963553531249999 0.1021126765625 0.8963553531249999 0.105633803125 0.892938496875 0.11443662031249999 0.892938496875 0.1214788734375 0.8963553531249999 0.1285211265625 0.8986332578124999 0.130281690625 0.9054669703125 0.130281690625 0.906605921875 0.1285211265625 0.91116173125 0.1267605640625 0.91116173125 0.1214788734375 0.91799544375 0.10387323906249998 0.91799544375 0.1003521125 0.9191343968749999 0.09859155 0.9191343968749999 0.0915492953125 0.9134396359375 0.0915492953125 0.9123006828125 0.093309859375 0.906605921875 0.093309859375 0.9031890656250001 0.1003521125 0.8986332578124999 0.1003521125
0 0.8701594531250001 0.08978873281250001 0.8724373578125 0.08978873281250001 0.8747152625 0.093309859375 0.8747152625 0.09859155 0.87813211875 0.105633803125 0.8804100234375 0.105633803125 0.8838268796875001 0.1091549296875 0.8861047843750001 0.1091549296875 0.8872437359375 0.107394365625 0.889521640625 0.107394365625 0.889521640625 0.105633803125 0.89179954375 0.1021126765625 0.8940774484375 0.095070421875 0.8940774484375 0.08802816875 0.8883826875 0.0792253515625 0.8838268796875001 0.0774647890625 0.8826879265625 0.075704225 0.876993165625 0.075704225 0.873576309375 0.0792253515625 0.8724373578125 0.08626760624999999 0.8701594531250001 0.08978873281250001
0 0.8496583140625 0.0915492953125 0.8610478359375 0.0915492953125 0.8633257406249999 0.08978873281250001 0.8712984046875001 0.075704225 0.8701594531250001 0.0739436625 0.8656036453124999 0.0739436625 0.8644646921874999 0.07218309843750001 0.8621867875 0.07218309843750001 0.8610478359375 0.0739436625 0.859908884375 0.07218309843750001 0.8536446468750001 0.07218309843750001 0.8473804093749999 0.07218309843750001 0.8462414578124999 0.0739436625 0.8473804093749999 0.08802816875 0.8496583140625 0.0915492953125
2 0 0.042253521875 0.018223234375 0.044014084375 0.093394078125 0.0404929578125 0.2984054671875 0.05105633750000001 0.3576309796875 0.05105633750000001 0.366742596875 0.044014084375 0.370159453125 0.05105633750000001 0.525056946875 0.0528169015625 0.5296127562499999 0.0580985921875 0.5432801828125 0.05105633750000001 0.5432801828125 0.038732393749999997 0.5387243734375 0.0334507046875 0.0523918 0.019366196874999998 0.037585421875000004 0.0211267609375 0.031890660937499996 0.0334507046875 0.021640090625 0.019366196874999998 0.00341685625 0.019366196874999998 0 0.0211267609375 0 0.042253521875
2 0.6788154890625 0.045774648437499996 0.6628701593749999 0.038732393749999997 0.56264236875 0.0352112671875 0.5523918 0.042253521875 0.5535307515625 0.0528169015625 0.592255125 0.059859154687500006 0.6788154890625 0.059859154687500006 0.6788154890625 0.045774648437499996
2 0.933940775 0.056338028124999995 0.9020501140625001 0.06338028125 0.9020501140625001 0.075704225 0.9555808656250001 0.082746478125 0.9669703875 0.06161971875 0.933940775 0.056338028124999995
2 0.9988610484375 0.0651408453125 0.9806378125 0.059859154687500006 0.9806378125 0.0704225359375 0.9749430531250001 0.0792253515625 0.9988610484375 0.08626760624999999 0.9988610484375 0.0651408453125
2 0.8906605921875 0.075704225 0.8940774484375 0.06690140781250001 0.8496583140625 0.05105633750000001 0.7072892937499999 0.0404929578125 0.6879271078125 0.0475352109375 0.6867881546875 0.059859154687500006 0.6902050109375 0.06338028125 0.7243735765625 0.068661971875 0.8906605921875 0.075704225
2 0.7904328015625001 0.6919014078125 0.8371298406250001 0.693661971875 0.8724373578125 0.6919014078125 0.8838268796875001 0.6848591546875 0.8906605921875 0.693661971875 0.981776765625 0.6901408453125 0.9908883828124999 0.68661971875 0.9931662875 0.6760563375 0.9851936218749999 0.6707746484375 0.889521640625 0.6707746484375 0.8792710703125 0.6760563375 0.873576309375 0.6707746484375 0.7619589984374999 0.6725352109375 0.7608200453125 0.6848591546875 0.7676537578125 0.6919014078125 0.7835990890625 0.68661971875 0.7904328015625001 0.6919014078125
2 0.48974943125000003 0.68661971875 0.49316628749999997 0.6760563375 0.5091116171875 0.68661971875 0.5831435078125 0.6901408453125 0.6628701593749999 0.6919014078125 0.6936218671875001 0.68661971875 0.697038725 0.6919014078125 0.744874715625 0.693661971875 0.7528473796874999 0.6848591546875 0.7494305234375 0.681338028125 0.7517084281249999 0.6760563375 0.744874715625 0.6707746484375 0.6924829156250001 0.674295775 0.6275626421875 0.6654929578125001 0.4578587703125 0.6637323937499999 0.248291571875 0.644366196875 0.2357630984375 0.65140845 0.23348519375 0.66197183125 0.26309795 0.669014084375 0.48633257343749997 0.681338028125 0.48974943125000003 0.68661971875
2 0.21981776718749999 0.6654929578125001 0.22665148125 0.66197183125 0.22437357656249998 0.642605634375 0.007972665625 0.6179577468749999 0.0068337125 0.6302816906250001 0.0205011390625 0.6408450703125 0.0330296125 0.63732394375 0.21981776718749999 0.6654929578125001
0 0.8564920265625 0.05105633750000001 0.8576309796875 0.054577464062500004 0.8724373578125 0.054577464062500004 0.873576309375 0.0475352109375 0.8690205015625001 0.0404929578125 0.8621867875 0.0404929578125 0.859908884375 0.042253521875 0.859908884375 0.044014084375 0.8576309796875 0.0475352109375 0.8564920265625 0.05105633750000001
0 0.8952164015624999 0.028169014062499997 0.8940774484375 0.029929578125000002 0.8883826875 0.029929578125000002 0.8861047843750001 0.031690140625 0.8838268796875001 0.0352112671875 0.8838268796875001 0.03697183125 0.8861047843750001 0.0404929578125 0.8872437359375 0.0475352109375 0.8906605921875 0.0528169015625 0.8940774484375 0.0528169015625 0.8974943046874999 0.049295775 0.90432801875 0.049295775 0.906605921875 0.0475352109375 0.9145785875 0.0334507046875 0.9145785875 0.028169014062499997 0.9123006828125 0.0246478875 0.907744875 0.0246478875 0.906605921875 0.02640845 0.9009111624999999 0.02640845 0.8997722093749999 0.028169014062499997 0.8952164015624999 0.028169014062499997
0 0.33599088906249996 0.6848591546875 0.33143507968749997 0.6725352109375 0.310933940625 0.6725352109375 0.30637813281250004 0.6795774640625 0.3052391796875 0.6901408453125 0.31548975 0.6954225359375 0.3280182234375 0.693661971875 0.33599088906249996 0.6848591546875
0 0.43621867812500004 0.6901408453125 0.43621867812500004 0.6830985921875 0.4282460140625 0.6795774640625 0.4145785875 0.6830985921875 0.4134396359375 0.6971830984375 0.41799544375000003 0.7042253515625 0.429384965625 0.7024647890625 0.43621867812500004 0.6901408453125
0 0.452164009375 0.7588028171875 0.455580865625 0.75 0.4533029609375 0.730633803125 0.44305239218750003 0.7112676062500001 0.4396355359375 0.71302816875 0.43280182187499994 0.72359155 0.43280182187499994 0.7429577468749999 0.4396355359375 0.7552816906250001 0.452164009375 0.7588028171875
0 0.26309795 0.7570422531250001 0.26651480625 0.7253521125 0.2562642375 0.7112676062500001 0.2494305234375 0.7165492953125 0.24487471562500002 0.730633803125 0.2471526203125 0.7482394359375 0.2562642375 0.7588028171875 0.26309795 0.7570422531250001
0 0.304100228125 0.693661971875 0.29954441875 0.6830985921875 0.2801822328125 0.6725352109375 0.2722095671875 0.6725352109375 0.26651480625 0.681338028125 0.26537585468749997 0.6919014078125 0.271070615625 0.707746478125 0.28246013593749997 0.7165492953125 0.304100228125 0.693661971875
0 0.241457859375 0.730633803125 0.2357630984375 0.7218309859375001 0.22551252812499997 0.7359154921875 0.22437357656249998 0.7535211265624999 0.23006833750000003 0.7640845078125 0.24487471562500002 0.7535211265624999 0.241457859375 0.730633803125
0 0.5296127562499999 0.7341549296875 0.525056946875 0.7147887328125 0.5193621875 0.71302816875 0.5091116171875 0.72359155 0.5011389515625 0.7394366203125 0.50341685625 0.7447183093749999 0.5205011390625 0.7464788734375001 0.5296127562499999 0.7341549296875
0 0.2175398640625 0.6848591546875 0.21640091093749997 0.6760563375 0.2084282453125 0.669014084375 0.1947608203125 0.681338028125 0.192482915625 0.6919014078125 0.197038725 0.6971830984375 0.2084282453125 0.6971830984375 0.2175398640625 0.6848591546875