3 0.5489510484375 0.12786885312500001 0.47202797187499995 0.2065573765625 0.48951048906250005 0.2131147546875 0.5174825171874999 0.190163934375 0.5629370625 0.1868852453125 0.6853146859375 0.12131147499999999 0.6923076921875 0.108196721875 0.6678321671874999 0.09836065625 0.6573426578125 0.09836065625 0.6468531468750001 0.108196721875 0.615384615625 0.108196721875 0.6083916078125 0.131147540625 0.5489510484375 0.12786885312500001
3 0.653846153125 0.2131147546875 0.6573426578125 0.2229508203125 0.6643356640625 0.209836065625 0.6958041953125 0.24262295156250002 0.6923076921875 0.25901639374999996 0.6818181812499999 0.252459015625 0.6678321671874999 0.26557377031249996 0.559440559375 0.2557377046875 0.475524475 0.26229508125 0.5 0.34098360625 0.583916084375 0.41967213125 0.61888111875 0.42622950781249996 0.7202797203125 0.40327868906250003 0.8076923078125 0.3180327875 0.8111888109375001 0.291803278125 0.797202796875 0.26557377031249996 0.6993007 0.2557377046875 0.70629370625 0.21967213124999999 0.790209790625 0.2131147546875 0.7762237765625 0.1770491796875 0.7132867140625 0.12786885312500001 0.6993007 0.12786885312500001 0.6468531468750001 0.170491803125 0.5979020984375001 0.1868852453125 0.5804195796875 0.2131147546875 0.653846153125 0.2131147546875
0 0.31818181874999996 0.13770491875 0.34965035 0.09836065625 0.34965035 0.0754098359375 0.3391608390625 0.0655737703125 0.3146853140625 0.0655737703125 0.2762237765625 0.072131146875 0.234265734375 0.12131147499999999 0.2867132859375 0.14754098437500002 0.31818181874999996 0.13770491875
0 0.44055944062499997 0.13770491875 0.475524475 0.13770491875 0.5034965031249999 0.11803278749999999 0.5209790203125 0.0819672125 0.5174825171874999 0.0655737703125 0.5 0.0557377046875 0.47202797187499995 0.0557377046875 0.4370629375 0.0655737703125 0.41608391562499997 0.091803278125 0.41258741250000003 0.108196721875 0.44055944062499997 0.13770491875
0 0.6048951046875 0.12459016406250001 0.6048951046875 0.062295081249999995 0.5699300703125 0.013114754687499999 0.5454545453125 0.013114754687499999 0.53146853125 0.026229507812500004 0.527972028125 0.078688525 0.5699300703125 0.1147540984375 0.6048951046875 0.12459016406250001
0 0.9195804203125 0.1573770484375 0.9090909093749999 0.1573770484375 0.877622378125 0.2163934421875 0.9615384609375001 0.2262295078125 0.9545454546875 0.1967213109375 0.9195804203125 0.1573770484375
0 0.9545454546875 0.26557377031249996 0.9370629375 0.26229508125 0.9230769234375 0.26229508125 0.9125874125 0.26557377031249996 0.9265734265625 0.2754098359375 0.9475524468750001 0.2754098359375 0.9545454546875 0.26557377031249996
0 0.4265734265625 0.452459015625 0.45454545468749996 0.43934426249999997 0.49650349687500006 0.39016393437499997 0.5244755249999999 0.38032786875 0.5244755249999999 0.370491803125 0.5 0.35737704843749996 0.4825174828125 0.35737704843749996 0.41958042031250004 0.3672131140625 0.38111888125000004 0.4163934421875 0.384615384375 0.4426229515625 0.4265734265625 0.452459015625
0 0.3986013984375 0.3180327875 0.3916083921875 0.29836065624999997 0.346153846875 0.2819672125 0.31818181874999996 0.2819672125 0.2762237765625 0.321311475 0.297202796875 0.3672131140625 0.360139859375 0.3540983609375 0.3986013984375 0.3180327875
0 0.13986014062500002 0.331147540625 0.1678321671875 0.3245901640625 0.202797203125 0.288524590625 0.20629370625000001 0.268852459375 0.1888111890625 0.252459015625 0.1678321671875 0.252459015625 0.12587412656250002 0.252459015625 0.0979020984375 0.2754098359375 0.1048951046875 0.321311475 0.13986014062500002 0.331147540625
0 0.08041957968749999 0.1147540984375 0.0734265734375 0.1147540984375 0.0734265734375 0.2 0.18181818125 0.20327868906250002 0.1363636359375 0.14754098437500002 0.08041957968749999 0.1147540984375
0 0.15034965 0.3868852453125 0.15034965 0.37377049218749997 0.1363636359375 0.3540983609375 0.09440559375 0.33770491874999997 0.0629370625 0.33770491874999997 0.0139860140625 0.37377049218749997 0.052447553125000004 0.40327868906250003 0.1293706296875 0.4065573765625 0.15034965 0.3868852453125
0 0.153846153125 0.43934426249999997 0.1293706296875 0.4131147546875 0.0664335671875 0.4065573765625 0.0629370625 0.4065573765625 0.0139860140625 0.42622950781249996 0.0419580421875 0.47540983593749997 0.1118881125 0.47868852500000003 0.153846153125 0.43934426249999997
0 0.3076923078125 0.53770491875 0.3356643359375 0.5311475406249999 0.360139859375 0.5049180328125 0.353146853125 0.4819672125 0.321678321875 0.4655737703125 0.3006993 0.4655737703125 0.258741259375 0.47213114687499996 0.2447552453125 0.48524590156249997 0.26923076875 0.5245901640625 0.3076923078125 0.53770491875
0 0.0489510484375 0.6065573765625001 0.1013986015625 0.5967213109375 0.14335664374999998 0.5540983609375 0.1363636359375 0.5344262296875 0.0874125875 0.5180327874999999 0.0769230765625 0.5180327874999999 0.03146853125 0.54098360625 0.024475525 0.5540983609375 0.024475525 0.5836065578125 0.0489510484375 0.6065573765625001
0 0.297202796875 0.6950819671875 0.321678321875 0.668852459375 0.321678321875 0.58032786875 0.31818181874999996 0.58032786875 0.2762237765625 0.5836065578125 0.2377622375 0.6163934421875 0.2377622375 0.6524590156250001 0.297202796875 0.6950819671875
0 0.41958042031250004 0.6885245906249999 0.44755244687499995 0.6327868859375 0.4300699296875 0.570491803125 0.41608391562499997 0.570491803125 0.3636363640625 0.6163934421875 0.3636363640625 0.649180328125 0.37412587343750003 0.6655737703125 0.41958042031250004 0.6885245906249999
0 0.19580419531249998 0.7475409843749999 0.24125874062500002 0.750819671875 0.28321678281249996 0.721311475 0.29020979062499996 0.69836065625 0.265734265625 0.678688525 0.22377622343749998 0.672131146875 0.21678321718750002 0.672131146875 0.1853146859375 0.678688525 0.171328671875 0.6950819671875 0.171328671875 0.7147540984375 0.19580419531249998 0.7475409843749999
0 0.37412587343750003 0.8557377046875001 0.43356643281249996 0.7967213109375 0.43356643281249996 0.750819671875 0.4230769234375 0.7344262296874999 0.40559440625 0.7344262296874999 0.360139859375 0.7573770484375 0.3426573421875 0.790163934375 0.346153846875 0.8196721312499999 0.37412587343750003 0.8557377046875001
0 0.321678321875 0.868852459375 0.3356643359375 0.8393442625 0.328671328125 0.8196721312499999 0.3006993 0.790163934375 0.26223776249999997 0.770491803125 0.25524475468749996 0.770491803125 0.22027972031249998 0.8 0.22377622343749998 0.8295081968750001 0.26223776249999997 0.868852459375 0.321678321875 0.868852459375
0 0.2272727265625 0.868852459375 0.2272727265625 0.8393442625 0.21678321718750002 0.8032786890624999 0.19580419531249998 0.7934426234374999 0.174825175 0.7934426234374999 0.14335664374999998 0.8131147546875 0.1363636359375 0.8622950812499999 0.1993007 0.891803278125 0.2272727265625 0.868852459375
0 0.49300699375 0.9639344265625001 0.5 0.9278688531249999 0.47202797187499995 0.8622950812499999 0.4615384609375 0.8622950812499999 0.41608391562499997 0.8754098359375 0.409090909375 0.9147540984375 0.4370629375 0.9573770484375 0.49300699375 0.9639344265625001
0 0.6468531468750001 0.7836065578125 0.671328671875 0.7672131140625 0.671328671875 0.7475409843749999 0.6468531468750001 0.7147540984375 0.6258741265625 0.7049180328125 0.59440559375 0.7049180328125 0.559440559375 0.73770491875 0.5629370625 0.7540983609375 0.5979020984375001 0.7803278687499999 0.6468531468750001 0.7836065578125
0 0.38111888125000004 0.9672131140625 0.328671328125 0.9377049187500001 0.3006993 0.9377049187500001 0.2797202796875 0.947540984375 0.26223776249999997 0.9967213109375 0.3706293703125 0.9967213109375 0.38111888125000004 0.9672131140625
0 0.6818181812499999 0.9770491796874999 0.70629370625 0.9377049187500001 0.6888111890624999 0.90163934375 0.6573426578125 0.8852459015624999 0.639860140625 0.8852459015624999 0.615384615625 0.9049180328125 0.6328671328125 0.9508196718749999 0.65034965 0.9737704921875 0.6818181812499999 0.9770491796874999
0 0.9335664328125001 0.5836065578125 0.9300699296875001 0.547540984375 0.9125874125 0.5180327874999999 0.8496503499999999 0.46885245937500003 0.846153846875 0.46885245937500003 0.8321678328125 0.521311475 0.8146853140625 0.53770491875 0.8951048953124999 0.590163934375 0.9335664328125001 0.5836065578125
0 0.9300699296875001 0.7639344265625 0.9300699296875001 0.727868853125 0.8951048953124999 0.691803278125 0.853146853125 0.672131146875 0.8391608390625 0.672131146875 0.81818181875 0.7245901640625 0.8251748250000001 0.74098360625 0.8741258734375 0.7672131140625 0.9300699296875001 0.7639344265625
0 0.96853146875 0.8754098359375 0.9825174828125001 0.8590163937499999 0.9790209796875 0.8196721312499999 0.96853146875 0.8 0.9300699296875001 0.7737704921875 0.9195804203125 0.7737704921875 0.8986013984375001 0.8065573765625 0.9020979015625 0.8393442625 0.940559440625 0.872131146875 0.96853146875 0.8754098359375
0 0.8426573421875 0.8459016390625 0.8636363640625 0.8327868859375 0.8636363640625 0.8065573765625 0.853146853125 0.7836065578125 0.8076923078125 0.74098360625 0.8006993 0.74098360625 0.7727272734375 0.770491803125 0.7727272734375 0.8 0.797202796875 0.8393442625 0.8426573421875 0.8459016390625
0 0.6748251749999999 0.849180328125 0.7552447546875001 0.8590163937499999 0.790209790625 0.849180328125 0.7797202796875 0.809836065625 0.741258740625 0.7803278687499999 0.7237762234375 0.7803278687499999 0.6993007 0.7836065578125 0.671328671875 0.8065573765625 0.6643356640625 0.8360655734375 0.6748251749999999 0.849180328125
0 0.81818181875 0.9147540984375 0.8076923078125 0.8885245906250001 0.76923076875 0.8622950812499999 0.70629370625 0.8557377046875001 0.702797203125 0.8557377046875001 0.7167832171875 0.9180327875 0.741258740625 0.9344262296875 0.7832167828125 0.9344262296875 0.81818181875 0.9147540984375
2 0 0.24262295156250002 0.0104895109375 0.2459016390625 0.5699300703125 0.2557377046875 0.653846153125 0.2557377046875 0.6748251749999999 0.2459016390625 0.6748251749999999 0.23278688593750002 0.65034965 0.2163934421875 0.0139860140625 0.2065573765625 0 0.2065573765625 0 0.24262295156250002
2 0.9895104890624999 0.2262295078125 0.9510489515625 0.23278688593750002 0.7202797203125 0.21967213124999999 0.7167832171875 0.21967213124999999 0.702797203125 0.24262295156250002 0.7167832171875 0.25901639374999996 0.9965034968750001 0.26229508125 0.9895104890624999 0.2262295078125