3 0.526748971875 0.6666666671875 0.5843621406249999 0.7083333328125 0.6584362140625 0.7041666671875 0.7242798359375 0.6833333328125 0.761316871875 0.6541666671875 0.7654320984375 0.625 0.7448559671874999 0.6375 0.71193415625 0.6291666671875 0.71193415625 0.6 0.769547325 0.5791666671875 0.761316871875 0.5708333328124999 0.777777778125 0.5625 0.7818930046875 0.5833333328125 0.7983539093750001 0.5875 0.8230452671874999 0.5666666671875 0.8106995890625001 0.5125 0.7942386828125 0.5083333328124999 0.720164609375 0.5125 0.703703703125 0.5 0.703703703125 0.525 0.6872427984375 0.5125 0.683127571875 0.5291666671875 0.6584362140625 0.5 0.48559670781250003 0.49583333281249997 0.4485596703125 0.49583333281249997 0.44444444375 0.5416666671875 0.473251028125 0.6166666671875001 0.49382716093749995 0.6208333328125 0.526748971875 0.6666666671875
3 0.7078189296875 0.43333333281249997 0.7242798359375 0.4458333328125 0.7530864203125 0.44166666718750003 0.7572016453125 0.45416666718750004 0.7654320984375 0.44166666718750003 0.8024691359375 0.45 0.7860082296875001 0.4 0.6954732515625001 0.3166666671875 0.6296296296875 0.3125 0.613168725 0.3125 0.5349794234374999 0.3333333328125 0.4362139921875 0.4291666671875 0.6255144031250001 0.4458333328125 0.7078189296875 0.43333333281249997
0 0.2469135796875 0.2208333328125 0.26748971250000003 0.2416666671875 0.31275720156250003 0.2375 0.3497942390625 0.19583333281249998 0.3333333328125 0.0875 0.3209876546875 0.07083333281250001 0.3045267484375 0.07083333281250001 0.29218107031249996 0.1208333328125 0.2633744859375 0.13333333281249998 0.2469135796875 0.1625 0.2469135796875 0.2208333328125
0 0.44444444375 0.25 0.46502057656250007 0.20416666718749998 0.489711934375 0.1833333328125 0.48148148125 0.1625 0.42798353906250003 0.1625 0.41563785937500003 0.15 0.3909465015625 0.15 0.3621399171875 0.1708333328125 0.3497942390625 0.23333333281250002 0.411522634375 0.2625 0.44444444375 0.25
0 0.55967078125 0.1291666671875 0.63374485625 0.0916666671875 0.63374485625 0.075 0.6008230453125 0.0625 0.5720164609375 0.029166667187500002 0.549382715625 0.029166667187500002 0.5061728390625 0.0375 0.489711934375 0.07083333281250001 0.51851851875 0.1125 0.55967078125 0.1291666671875
0 0.8559670781250001 0.3458333328125 0.8683127578125 0.2541666671875 0.835390946875 0.20833333281250002 0.8230452671874999 0.20833333281250002 0.777777778125 0.24583333281250003 0.769547325 0.2916666671875 0.8024691359375 0.3375 0.8559670781250001 0.3458333328125
0 0.4074074078125 0.6666666671875 0.47736625468750005 0.6541666671875 0.48148148125 0.6333333328124999 0.39917695468750003 0.5666666671875 0.386831275 0.5666666671875 0.3415637859375 0.5875 0.3415637859375 0.6125 0.3621399171875 0.6375 0.4074074078125 0.6666666671875
0 0.86419753125 0.675 0.8559670781250001 0.6166666671875001 0.7983539093750001 0.5916666671875 0.7654320984375 0.5916666671875 0.7736625515625 0.6666666671875 0.8148148140625 0.7 0.8395061734375 0.7041666671875 0.86419753125 0.675
0 0.1893004109375 0.925 0.201646090625 0.9083333328125001 0.1893004109375 0.8291666671875 0.1604938265625 0.7833333328125 0.12345679062499999 0.7708333328125 0.1111111109375 0.7708333328125 0.09053497968749999 0.7875 0.09053497968749999 0.85 0.12345679062499999 0.8958333328125001 0.1893004109375 0.925
0 0.230452675 0.3916666671875 0.18106995937499998 0.425 0.308641975 0.4291666671875 0.2633744859375 0.3916666671875 0.230452675 0.3916666671875
0 0.5061728390625 0.4375 0.5637860078125 0.43333333281249997 0.604938271875 0.3916666671875 0.604938271875 0.3541666671875 0.5761316875 0.3375 0.5720164609375 0.3375 0.5144032921874999 0.3625 0.51851851875 0.3791666671875 0.4979423875 0.40416666718750005 0.5061728390625 0.4375
0 0.510288065625 0.5916666671875 0.5144032921874999 0.6041666671875 0.5349794234374999 0.5666666671875 0.5226337453125 0.5166666671875 0.49382716093749995 0.5166666671875 0.46090535 0.5416666671875 0.473251028125 0.5833333328125 0.489711934375 0.5958333328125 0.510288065625 0.5916666671875
0 0.6666666671875 0.6833333328125 0.71193415625 0.6541666671875 0.71193415625 0.6333333328124999 0.6666666671875 0.6083333328125 0.6460905343750001 0.6083333328125 0.5720164609375 0.6208333328125 0.5637860078125 0.6416666671875 0.6008230453125 0.6666666671875 0.6666666671875 0.6833333328125
2 0.9958847734375 0.46666666718750005 0.97942386875 0.4625 0.7448559671874999 0.45416666718750004 0.7325102875 0.45416666718750004 0.720164609375 0.47083333281249995 0.7242798359375 0.49583333281249997 0.9958847734375 0.5125 0.9958847734375 0.46666666718750005
2 0 0.47083333281249995 0.5925925921874999 0.49583333281249997 0.6543209875 0.49583333281249997 0.6666666671875 0.47083333281249995 0.6625514406249999 0.45416666718750004 0.6213991765625 0.4458333328125 0.07818929999999999 0.42083333281249996 0.052127571875 0.42083333281249996 0 0.42083333281249996 0 0.47083333281249995