3 0.23260073281250002 0.82987551875 0.23260073281250002 0.8485477171875001 0.225274725 0.8526970953124999 0.13186813125000002 0.8589211625000001 0.13369963437500001 0.8879668046875 0.1446886453125 0.9087136921875001 0.1630036625 0.9336099578124999 0.1886446890625 0.9522821578125 0.22344322343749998 0.9481327796875 0.2509157515625 0.935684646875 0.2985347984375 0.8713692953125 0.28937728906250004 0.8526970953124999 0.26007325937500003 0.85062240625 0.2582417578125 0.82987551875 0.2802197796875 0.8236514515625 0.278388278125 0.800829875 0.25641025625 0.7738589218749999 0.23076923124999998 0.7572614109375 0.21978022031250002 0.7572614109375 0.172161171875 0.7717842328125 0.13186813125000002 0.815352696875 0.128205128125 0.8278008296875001 0.23260073281250002 0.82987551875
3 0.5018315015625 0.7966804984375 0.509157509375 0.8132780078125 0.5549450546875 0.81120331875 0.5732600734375 0.8195020749999999 0.575091575 0.8278008296875001 0.5677655671874999 0.8360995843750001 0.540293040625 0.8423236515625 0.474358975 0.844398340625 0.46886446875 0.8526970953124999 0.4798534796875 0.894190871875 0.51831501875 0.8983402484375 0.5018315015625 0.914937759375 0.5164835171875 0.935684646875 0.5677655671874999 0.9232365140625 0.5860805859375 0.9066390046875 0.6080586078125 0.8692946062500001 0.609890109375 0.844398340625 0.5915750921875 0.834024896875 0.5989010984375 0.79045643125 0.5769230765625 0.7614107890625 0.5604395609374999 0.75103734375 0.54395604375 0.75103734375 0.509157509375 0.7634854765625 0.49267399218749997 0.7780082984375001 0.4871794875 0.7925311203125001 0.5018315015625 0.7966804984375
3 0.8296703296875 0.7925311203125001 0.8498168500000001 0.7987551875000001 0.8516483515625 0.8091286312499999 0.846153846875 0.815352696875 0.7545787546875 0.8278008296875001 0.760073259375 0.8630705390625 0.774725275 0.8879668046875 0.7948717953125 0.904564315625 0.81868131875 0.9024896265625 0.8424908421874999 0.8879668046875 0.8626373624999999 0.8609958499999999 0.8699633703125 0.8360995843750001 0.8717948718749999 0.825726140625 0.8608058609375 0.8132780078125 0.8717948718749999 0.8029045640625 0.8626373624999999 0.7676348546875 0.846153846875 0.7468879671875001 0.8260073265625 0.734439834375 0.8113553109374999 0.734439834375 0.7802197796875 0.7468879671875001 0.7454212453125 0.7925311203125001 0.7509157515625 0.800829875 0.8296703296875 0.7925311203125001
0 0.11538461562499999 0.8215767640625 0.1208791203125 0.800829875 0.11355311406249999 0.7717842328125 0.10805860781250001 0.7717842328125 0.08974358906249999 0.7883817421875 0.0915750921875 0.81120331875 0.10805860781250001 0.825726140625 0.11538461562499999 0.8215767640625
0 0 0.1825726140625 0.0073260078125 0.19087136875 0.025641025 0.1825726140625 0.032967032812500005 0.1473029046875 0.0293040296875 0.134854771875 0.0238095234375 0.134854771875 0 0.15560165937499998 0 0.1825726140625
0 0.054945054687499995 0.056016596875000005 0.0641025640625 0.0394190875 0.054945054687499995 0.0207468875 0.047619046875 0.0207468875 0.034798534375 0.02904564375 0.031135531249999997 0.0477178421875 0.04395604375 0.060165975000000003 0.054945054687499995 0.056016596875000005
0 0.184981684375 0.0829875515625 0.16849816875 0.0726141078125 0.1666666671875 0.0726141078125 0.15567765625000002 0.0809128625 0.1575091578125 0.10373443906249999 0.1868131875 0.114107884375 0.184981684375 0.0829875515625
0 0.049450549999999996 0.15560165937499998 0.049450549999999996 0.1576763484375 0.05677655625 0.163900415625 0.062271062499999995 0.163900415625 0.06593406562500001 0.1618257265625 0.07326007343749999 0.1514522828125 0.07326007343749999 0.1410788375 0.075091575 0.13900415 0.075091575 0.1327800828125 0.071428571875 0.1327800828125 0.0677655671875 0.12863070468749999 0.058608059375 0.12863070468749999 0.049450549999999996 0.12863070468749999 0.0457875453125 0.1327800828125 0.0457875453125 0.1514522828125 0.049450549999999996 0.15560165937499998
0 0.1263736265625 0.1763485484375 0.128205128125 0.1784232359375 0.128205128125 0.18879668125 0.13369963437500001 0.1970954359375 0.14652014687499998 0.1970954359375 0.153846153125 0.19087136875 0.1575091578125 0.1825726140625 0.1575091578125 0.1763485484375 0.1520146515625 0.163900415625 0.1446886453125 0.15560165937499998 0.1446886453125 0.1535269703125 0.1391941390625 0.145228215625 0.13186813125000002 0.145228215625 0.128205128125 0.1514522828125 0.128205128125 0.15560165937499998 0.12454212499999999 0.1597510375 0.1263736265625 0.1763485484375
0 0.2545787546875 0.199170125 0.265567765625 0.1970954359375 0.28937728906250004 0.1618257265625 0.28937728906250004 0.15560165937499998 0.2802197796875 0.1514522828125 0.2765567765625 0.1514522828125 0.2490842484375 0.1680497921875 0.24175824218750003 0.180497925 0.24542124531249998 0.19294605781250002 0.2545787546875 0.199170125
0 0.29670329687499997 0.2012448125 0.2985347984375 0.1721991703125 0.29304029374999996 0.1618257265625 0.291208790625 0.1618257265625 0.26923076875 0.19294605781250002 0.26923076875 0.2012448125 0.283882784375 0.2136929453125 0.29670329687499997 0.2012448125
0 0.29670329687499997 0.1597510375 0.2985347984375 0.1721991703125 0.3113553109375 0.1721991703125 0.3205128203125 0.163900415625 0.3205128203125 0.1576763484375 0.322344321875 0.15560165937499998 0.322344321875 0.145228215625 0.3205128203125 0.1431535265625 0.3113553109375 0.1431535265625 0.3021978015625 0.1431535265625 0.2948717953125 0.14937759374999998 0.2948717953125 0.1576763484375 0.29670329687499997 0.1597510375
0 0.3205128203125 0.1535269703125 0.31868131875 0.1680497921875 0.3260073265625 0.17012448125 0.3369963375 0.1763485484375 0.34249084218750003 0.1763485484375 0.34981684999999996 0.165975103125 0.34981684999999996 0.1535269703125 0.34249084218750003 0.145228215625 0.3388278390625 0.1431535265625 0.3260073265625 0.1431535265625 0.322344321875 0.145228215625 0.3205128203125 0.14937759374999998 0.3168498171875 0.14937759374999998 0.3205128203125 0.1535269703125
0 0.40659340625 0.10373443906249999 0.4047619046875 0.10580912812500001 0.40659340625 0.1078838171875 0.40659340625 0.114107884375 0.4102564109375 0.1182572609375 0.4230769234375 0.1182572609375 0.4304029296875 0.10995850625 0.43406593437499996 0.1016597515625 0.43406593437499996 0.0912863078125 0.4304029296875 0.0871369296875 0.428571428125 0.0809128625 0.4230769234375 0.07468879687499999 0.42124542187499997 0.07468879687499999 0.41941391875 0.0726141078125 0.4175824171875 0.07468879687499999 0.41391941406250005 0.07468879687499999 0.40659340625 0.085062240625 0.40659340625 0.10373443906249999
0 0.40109890156250005 0.2883817421875 0.40109890156250005 0.29875518749999996 0.40293040312499995 0.3029045640625 0.4102564109375 0.30912863125 0.4120879125 0.3070539421875 0.42124542187499997 0.3070539421875 0.42490842500000003 0.304979253125 0.4322344328125 0.2966804984375 0.43589743593749997 0.2883817421875 0.43589743593749997 0.284232365625 0.43406593437499996 0.2800829875 0.42673992656250004 0.273858921875 0.41391941406250005 0.273858921875 0.40659340625 0.27800829843749997 0.40293040312499995 0.2821576765625 0.40293040312499995 0.2863070546875 0.40109890156250005 0.2883817421875
0 0.26923076875 0.3381742734375 0.274725275 0.3464730296875 0.278388278125 0.3464730296875 0.28571428593750003 0.35062240624999996 0.291208790625 0.35062240624999996 0.2948717953125 0.3485477171875 0.2985347984375 0.3423236515625 0.3003663 0.3423236515625 0.3076923078125 0.325726140625 0.3076923078125 0.3174273859375 0.3003663 0.31120331874999996 0.291208790625 0.31120331874999996 0.2820512828125 0.31120331874999996 0.278388278125 0.31327800781250004 0.27106227031249996 0.3215767640625 0.26923076875 0.3381742734375
0 0.3003663 0.40248962656250004 0.3003663 0.41078838125 0.309523809375 0.41078838125 0.3113553109375 0.40871369218750003 0.315018315625 0.40871369218750003 0.3296703296875 0.4004149375 0.3333333328125 0.3962655609375 0.3351648359375 0.3879668046875 0.3369963375 0.38589211562500003 0.3369963375 0.3817427390625 0.3351648359375 0.37966805 0.3369963375 0.3775933609375 0.3351648359375 0.375518671875 0.3351648359375 0.36929460625 0.3296703296875 0.36307053906250003 0.322344321875 0.36307053906250003 0.31868131875 0.365145228125 0.309523809375 0.375518671875 0.30586080625 0.3921161828125 0.3003663 0.40248962656250004
0 0.3479853484375 0.41078838125 0.3479853484375 0.414937759375 0.3516483515625 0.41908713750000004 0.3553113546875 0.41908713750000004 0.3571428578125 0.421161825 0.3644688640625 0.421161825 0.36813186875000004 0.425311203125 0.37179487187500004 0.425311203125 0.375457875 0.41908713750000004 0.375457875 0.40248962656250004 0.3736263734375 0.4004149375 0.37179487187500004 0.3879668046875 0.3644688640625 0.37966805 0.3553113546875 0.37966805 0.346153846875 0.39004149374999997 0.34432234375 0.394190871875 0.34432234375 0.40456431562499995 0.3479853484375 0.41078838125
0 0.24542124531249998 0.40871369218750003 0.252747253125 0.41908713750000004 0.25641025625 0.41908713750000004 0.2582417578125 0.4170124484375 0.26739926718749996 0.4170124484375 0.27106227031249996 0.41078838125 0.27106227031249996 0.40456431562499995 0.2728937734375 0.40248962656250004 0.27106227031249996 0.3983402484375 0.2728937734375 0.394190871875 0.2637362640625 0.3775933609375 0.2545787546875 0.3775933609375 0.24358974375 0.39004149374999997 0.24358974375 0.40248962656250004 0.24542124531249998 0.40456431562499995 0.24542124531249998 0.40871369218750003
0 0.2637362640625 0.3775933609375 0.27106227031249996 0.39004149374999997 0.27106227031249996 0.4066390046875 0.265567765625 0.414937759375 0.274725275 0.414937759375 0.278388278125 0.4128630703125 0.28937728906250004 0.4004149375 0.29304029374999996 0.3921161828125 0.29304029374999996 0.3775933609375 0.28937728906250004 0.36929460625 0.2802197796875 0.3589211625 0.27106227031249996 0.3589211625 0.265567765625 0.365145228125 0.265567765625 0.37136929531249996 0.2637362640625 0.3734439828125 0.2637362640625 0.3775933609375
0 0.48168498125000003 0.184647303125 0.472527471875 0.165975103125 0.4670329671875 0.165975103125 0.4487179484375 0.184647303125 0.4615384609375 0.2074688796875 0.474358975 0.199170125 0.48168498125000003 0.184647303125
0 0.558608059375 0 0.5641025640625 0.018672198437500002 0.575091575 0.02904564375 0.5860805859375 0.024896265625 0.5879120875 0 0.5781446890625 0 0.558608059375 0
0 0.8516483515625 0.037344398437499995 0.846153846875 0.01037344375 0.84432234375 0.01037344375 0.8278388281250001 0.033195020312500004 0.8351648359375 0.053941909375 0.84432234375 0.0518672203125 0.8516483515625 0.037344398437499995
0 0.8608058609375 0.116182571875 0.8699633703125 0.09751037343749999 0.8534798531250001 0.0809128625 0.8516483515625 0.0809128625 0.84432234375 0.0871369296875 0.8424908421874999 0.10580912812500001 0.8479853484375001 0.114107884375 0.8608058609375 0.116182571875
0 0.8608058609375 0.1327800828125 0.846153846875 0.116182571875 0.840659340625 0.116182571875 0.8333333328125001 0.1265560171875 0.8351648359375 0.145228215625 0.8608058609375 0.1473029046875 0.8608058609375 0.1327800828125
0 0.6117216125 0.13070539375 0.5989010984375 0.10580912812500001 0.597069596875 0.10580912812500001 0.5860805859375 0.1182572609375 0.5860805859375 0.1369294609375 0.602564103125 0.145228215625 0.6117216125 0.13070539375
0 0.7142857140625 0.46058091250000005 0.7051282046875 0.43568464687499997 0.69413919375 0.43568464687499997 0.6868131875000001 0.46058091250000005 0.6978021984375 0.4792531125 0.7051282046875 0.4792531125 0.7142857140625 0.46058091250000005
0 0.7380952375 0.5 0.7271062265625 0.5 0.716117215625 0.5207468875 0.7271062265625 0.5435684640625 0.7435897437500001 0.5228215765625001 0.7380952375 0.5
0 0.6703296703125 0.73029045625 0.6703296703125 0.7074688796874999 0.6575091578125 0.6867219921875 0.6483516484375 0.6867219921875 0.6428571421875 0.695020746875 0.646520146875 0.724066390625 0.6648351640625 0.734439834375 0.6703296703125 0.73029045625
0 0.49450549375 0.6265560171875 0.4890109890625 0.62033195 0.4798534796875 0.62033195 0.4670329671875 0.6327800828125001 0.4670329671875 0.6618257265625 0.49267399218749997 0.645228215625 0.49450549375 0.6265560171875
0 0.45970695937499995 0.6535269703125001 0.4670329671875 0.63070539375 0.46520146562500003 0.6016597515625 0.4542124546875 0.6016597515625 0.43956043906250003 0.6182572609375 0.43956043906250003 0.6369294609375 0.45238095312500004 0.6535269703125001 0.45970695937499995 0.6535269703125001
0 0.45970695937499995 0.7365145234375 0.46520146562500003 0.7012448124999999 0.4542124546875 0.684647303125 0.45054945 0.684647303125 0.4377289375 0.699170125 0.4377289375 0.7199170125000001 0.44688644687499995 0.7323651453125 0.45970695937499995 0.7365145234375
0 0.4670329671875 0.8132780078125 0.4670329671875 0.7883817421875 0.4615384609375 0.7821576765625 0.45787545781250005 0.7821576765625 0.44322344375 0.7946058093749999 0.441391940625 0.8195020749999999 0.4615384609375 0.8195020749999999 0.4670329671875 0.8132780078125
0 0.3516483515625 0.9585062234375 0.36813186875000004 0.9543568468749999 0.38095238125 0.935684646875 0.38095238125 0.9170124484375 0.37912087968749997 0.9170124484375 0.3479853484375 0.9232365140625 0.3369963375 0.9336099578124999 0.3369963375 0.943983403125 0.3516483515625 0.9585062234375
0 0.46336996406250003 0.9668049796875 0.47069597031250004 0.9522821578125 0.47069597031250004 0.935684646875 0.45970695937499995 0.914937759375 0.4542124546875 0.914937759375 0.44322344375 0.9315352703125 0.43956043906250003 0.9543568468749999 0.45238095312500004 0.9668049796875 0.46336996406250003 0.9668049796875
0 0.540293040625 0.9585062234375 0.5421245421875 0.943983403125 0.5347985343749999 0.9377593359375 0.51831501875 0.9377593359375 0.50549450625 0.9543568468749999 0.51831501875 0.96887966875 0.5329670328125 0.9668049796875 0.540293040625 0.9585062234375
0 0.503663003125 0.9190871375 0.51831501875 0.904564315625 0.51831501875 0.8962655609375 0.509157509375 0.8921161828124999 0.4981684984375 0.8921161828124999 0.4761904765625 0.8983402484375 0.47069597031250004 0.9128630703124999 0.4761904765625 0.9232365140625 0.503663003125 0.9190871375
0 0.9230769234375 0.7468879671875001 0.9322344328125001 0.7385892109375 0.934065934375 0.70954356875 0.9175824171875 0.699170125 0.9139194140625 0.699170125 0.902930403125 0.7033195015625 0.8956043953125 0.7199170125000001 0.9102564109375001 0.744813278125 0.9230769234375 0.7468879671875001
0 0.6648351640625 0.21161825781250002 0.6520146515625 0.2074688796875 0.6483516484375 0.2074688796875 0.641025640625 0.2136929453125 0.641025640625 0.23236514531250002 0.6630036625 0.22821576718749997 0.6648351640625 0.21161825781250002
0 0.7637362640625 0.2012448125 0.7564102562499999 0.20954356875000002 0.752747253125 0.21784232343749999 0.752747253125 0.226141078125 0.7564102562499999 0.23029045625000003 0.760073259375 0.23236514531250002 0.7673992671875001 0.23236514531250002 0.774725275 0.22821576718749997 0.7802197796875 0.2219917015625 0.7802197796875 0.2033195015625 0.778388278125 0.199170125 0.7820512828124999 0.19294605781250002 0.7820512828124999 0.19087136875 0.778388278125 0.19502074687499998 0.774725275 0.19502074687499998 0.7710622703125 0.199170125 0.7637362640625 0.2012448125
0 0.7820512828124999 0.199170125 0.7802197796875 0.2033195015625 0.7820512828124999 0.2074688796875 0.7802197796875 0.20954356875000002 0.7802197796875 0.2199170125 0.783882784375 0.226141078125 0.7985347984375 0.224066390625 0.8040293046875 0.215767634375 0.8040293046875 0.2074688796875 0.8021978015625001 0.205394190625 0.8021978015625001 0.2012448125 0.7985347984375 0.19502074687499998 0.7985347984375 0.19087136875 0.7948717953125 0.18672199218750002 0.7875457875 0.18672199218750002 0.783882784375 0.19087136875 0.7820512828124999 0.19087136875 0.7802197796875 0.19502074687499998 0.7820512828124999 0.199170125
0 0.7802197796875 0.180497925 0.76923076875 0.1763485484375 0.760073259375 0.1763485484375 0.7417582421875 0.180497925 0.7454212453125 0.1970954359375 0.7710622703125 0.1970954359375 0.7802197796875 0.180497925
0 0.653846153125 0.1721991703125 0.6227106234375 0.165975103125 0.60622710625 0.165975103125 0.60622710625 0.1784232359375 0.615384615625 0.19087136875 0.6373626375 0.18672199218750002 0.653846153125 0.1721991703125
2 0.190476190625 0.1182572609375 0.0879120875 0.1120331953125 0.0824175828125 0.1327800828125 0.10073259999999999 0.1369294609375 0.1739926734375 0.1410788375 0.190476190625 0.1182572609375
2 0.5622710625 0.1597510375 0.565934065625 0.165975103125 0.5989010984375 0.163900415625 0.60622710625 0.17012448125 0.6117216125 0.163900415625 0.61904761875 0.17012448125 0.7069597062499999 0.1784232359375 0.7490842484375 0.1784232359375 0.765567765625 0.17012448125 0.7637362640625 0.15560165937499998 0.7490842484375 0.1535269703125 0.6263736265625 0.145228215625 0.5769230765625 0.14937759374999998 0.5604395609374999 0.13900415 0.34249084218750003 0.1265560171875 0.3388278390625 0.1431535265625 0.3516483515625 0.1514522828125 0.5457875453125001 0.165975103125 0.5622710625 0.1597510375
2 0.3260073265625 0.13900415 0.3260073265625 0.1265560171875 0.315018315625 0.1224066390625 0.203296703125 0.12033195000000001 0.1978021984375 0.13900415 0.27106227031249996 0.1473029046875 0.3205128203125 0.145228215625 0.3260073265625 0.13900415
2 0 0.13070539375 0.060439560937500005 0.13070539375 0.0695970703125 0.1182572609375 0.0695970703125 0.10995850625 0.058608059375 0.10580912812500001 0.0293040296875 0.10373443906249999 0 0.10373443906249999 0 0.13070539375
2 0.99450549375 0.1763485484375 0.8992673999999999 0.174273859375 0.8882783875 0.165975103125 0.7948717953125 0.1576763484375 0.7765567765625 0.1618257265625 0.7728937734375 0.1763485484375 0.7820512828124999 0.184647303125 0.9981684984375001 0.2033195015625 0.99450549375 0.1763485484375
0 0.15018315 0.226141078125 0.14835164843749998 0.226141078125 0.1263736265625 0.265560165625 0.1373626375 0.265560165625 0.15018315 0.2531120328125 0.15018315 0.226141078125
2 0.23260073281250002 0.834024896875 0.225274725 0.8278008296875001 0.0641025640625 0.834024896875 0.062271062499999995 0.8589211625000001 0.221611721875 0.854771784375 0.23260073281250002 0.8485477171875001 0.23260073281250002 0.834024896875
2 0.8150183156249999 0.8195020749999999 0.8516483515625 0.8070539421875 0.8424908421874999 0.7966804984375 0.8223443218750001 0.7966804984375 0.602564103125 0.81120331875 0.5915750921875 0.8278008296875001 0.5915750921875 0.834024896875 0.6428571421875 0.8278008296875001 0.6849816843750001 0.8319502078125 0.8150183156249999 0.8195020749999999
2 0.9981684984375001 0.7800829874999999 0.8846153843750001 0.7883817421875 0.8736263734374999 0.7946058093749999 0.866300365625 0.8132780078125 0.9853479859375 0.8029045640625 0.9981684984375001 0.7987551875000001 0.9981684984375001 0.7800829874999999
2 0 0.8589211625000001 0.0512820515625 0.854771784375 0.053113553125000004 0.844398340625 0.0366300359375 0.8319502078125 0 0.8319502078125 0 0.8589211625000001
2 0.575091575 0.8402489624999999 0.5769230765625 0.8195020749999999 0.5641025640625 0.8132780078125 0.2582417578125 0.82987551875 0.26007325937500003 0.85062240625 0.3021978015625 0.8526970953124999 0.553113553125 0.8360995843750001 0.575091575 0.8402489624999999
0 0.6446886453125 0.85062240625 0.6501831499999999 0.8319502078125 0.641025640625 0.8319502078125 0.6263736265625 0.834024896875 0.624542125 0.8402489624999999 0.6355311359375 0.85062240625 0.6446886453125 0.85062240625